24 28 4 0 0
24 27 4 0 0
25 26 4 0 0
25 26 5 0 0
25 25 6 0 0
25 23 6 17 119
25 25 7 38 579
24 27 18 113 638
25 30 18 161 657
24 32 18 158 767
24 33 18 161 860
25 35 14 102 951
25 36 18 104 947
23 37 18 102 949
24 37 18 292 493
24 37 18 178 664
23 35 9 327 112
24 36 6 155 293
24 36 6 65 273
23 33 5 0 0
23 32 5 0 0
23 32 5 0 0
25 28 5 0 0
24 29 4 0 0
25 28 4 0 0
24 27 4 0 0
24 26 4 0 0
23 26 6 0 0
24 25 6 0 0
24 25 7 24 19
23 26 7 61 418
24 28 18 116 557
24 30 18 133 722
24 31 18 241 630
23 32 18 238 634
25 33 14 230 726
25 36 18 247 604
25 37 17 239 741
24 38 17 319 572
25 37 18 290 505
23 36 9 281 175
25 35 6 196 90
23 33 6 96 136
25 31 5 0 0
25 30 5 0 0
23 29 5 0 0
23 28 5 0 0
24 28 4 0 0
24 27 3 0 0
24 27 3 0 0
24 26 3 0 0
23 26 4 0 0
25 25 5 0 0
25 26 6 18 42
25 27 6 69 368
25 28 9 83 662
25 30 8 110 771
24 32 8 199 714
24 34 8 242 638
24 36 5 185 840
25 36 5 165 854
25 37 5 164 804
23 38 6 175 786
23 39 6 192 667
24 38 5 175 565
24 37 5 167 289
23 37 5 58 34
25 33 5 0 0
23 32 4 0 0
25 32 5 0 0
23 31 5 0 0
25 30 5 0 0
25 30 5 0 0
23 29 5 0 0
24 29 5 0 0
24 29 5 0 0
24 28 5 0 0
23 27 5 16 60
23 30 5 47 423
25 31 5 104 613
25 32 5 110 753
25 33 5 112 800
25 36 5 140 893
23 36 5 119 890
23 37 5 138 926
23 38 5 132 917
23 40 5 127 899
23 40 5 113 868
25 39 5 94 808
24 38 5 70 700
24 37 5 44 470
24 36 5 0 0
24 34 4 0 0
24 33 5 0 0
25 32 5 0 0
23 31 5 0 0
25 30 6 0 0
23 29 6 0 0
24 28 6 0 0
23 27 6 0 0
23 26 6 0 0
25 26 7 17 25
23 27 7 76 268
23 29 18 104 586
25 31 18 165 656
25 32 18 203 740
24 33 18 224 758
24 35 14 210 835
23 36 18 200 850
23 37 18 193 844
23 38 18 164 844
23 38 18 148 802
24 38 9 124 733
24 37 6 92 604
23 36 6 55 352
24 34 5 0 0
24 32 5 0 0
23 31 5 0 0
24 31 5 0 0
24 30 4 0 0
23 28 4 0 0
23 26 4 0 0
25 26 5 0 0
24 24 6 0 0
25 23 6 0 0
24 24 7 20 19
24 26 7 69 306
24 27 18 116 547
24 28 18 155 676
25 30 18 184 752
25 31 17 204 799
23 33 14 214 825
23 36 18 218 828
24 37 18 214 817
23 38 18 202 789
23 37 18 181 743
25 38 9 151 664
25 37 6 110 525
25 36 6 64 266
25 35 5 0 0
25 33 5 0 0
25 31 5 0 0
25 31 5 0 0
23 29 4 0 0
24 28 4 0 0
24 27 4 0 0
24 26 4 0 0
24 26 5 0 0
24 25 6 0 0
23 25 7 20 20
23 26 7 69 312
23 28 18 115 555
25 31 18 154 688
25 31 18 183 762
23 34 17 203 811
25 36 14 213 837
23 37 18 217 847
23 37 19 213 838
23 38 18 210 803
23 38 18 188 755
23 38 9 150 681
23 38 6 110 542
23 37 6 64 279
25 35 5 16 11
23 33 5 0 0
25 32 5 0 0
25 31 5 0 0
24 30 4 0 0
23 28 4 0 0
25 27 4 0 0
25 26 4 0 0
25 25 5 0 0
25 24 6 0 0
25 23 7 18 99
25 24 7 48 518
25 26 18 74 731
23 29 18 97 838
23 31 18 114 893
24 33 18 126 935
23 33 14 132 946
25 35 19 135 948
25 36 18 132 941
23 36 18 124 923
23 36 18 112 894
24 35 9 94 829
24 35 6 71 721
23 33 6 45 490
25 32 5 16 69
23 31 5 0 0
23 30 5 0 0
23 30 5 0 0
23 28 4 0 0
23 27 4 0 0
23 27 4 0 0
23 26 4 0 0
23 24 5 0 0
23 24 6 0 0
23 23 6 18 124
23 25 7 43 555
23 27 18 66 750
24 28 18 87 846
23 31 18 102 898
24 32 18 113 932
24 33 14 119 949
24 36 18 121 951
24 36 18 119 954
25 37 18 112 935
25 37 18 101 905
24 37 9 85 850
24 37 6 64 754
24 36 6 41 537
24 34 5 14 91
24 33 5 0 0
23 32 5 0 0
25 28 5 0 0
23 26 4 0 0
25 26 3 0 0
24 26 3 0 0
24 26 3 0 0
24 24 4 0 0
24 24 5 0 0
24 23 6 16 178
24 25 6 35 632
24 29 9 54 808
24 31 8 71 897
24 33 9 85 944
25 35 8 94 972
23 36 5 99 988
23 37 5 101 997
23 38 5 99 987
24 37 6 93 977
24 38 6 83 949
24 37 4 70 895
24 38 5 52 808
25 37 5 33 608
23 35 5 13 138
23 33 4 0 0
25 32 5 0 0
25 30 5 0 0
24 30 5 0 0
25 28 5 0 0
25 27 5 0 0
25 27 5 0 0
24 26 5 0 0
25 25 5 0 0
23 25 5 15 181
23 27 5 35 628
25 28 5 54 807
25 32 5 71 896
23 35 5 84 941
23 37 5 93 968
23 38 5 98 983
25 39 5 100 989
25 40 5 98 988
24 40 5 92 974
24 41 5 83 942
25 41 5 69 897
23 41 5 52 806
25 39 5 33 612
25 37 5 14 142
25 35 4 0 0
23 33 5 0 0
25 32 5 0 0
25 32 5 0 0
24 31 6 0 0
24 28 6 0 0
23 29 6 0 0
24 27 6 0 0
24 27 6 0 0
24 26 6 19 86
23 27 7 50 493
23 29 18 78 710
23 32 18 102 821
23 35 18 121 880
23 38 18 133 911
25 40 14 140 932
24 41 18 143 937
25 42 18 140 939
25 43 17 132 916
24 42 17 119 877
24 42 9 100 819
25 41 6 76 710
23 40 6 48 476
25 38 5 17 66
25 36 5 0 0
23 34 5 0 0
23 34 5 0 0
24 31 4 0 0
23 31 4 0 0
25 30 4 0 0
23 30 5 0 0
24 28 6 0 0
23 27 6 0 0
23 26 6 18 126
23 27 7 43 558
23 29 18 66 753
23 32 18 86 850
23 35 18 102 900
25 36 18 113 939
25 38 14 119 953
23 39 18 121 959
23 41 18 119 957
23 41 18 112 941
23 41 18 101 906
25 41 9 85 854
25 40 6 64 751
25 39 6 41 541
23 37 5 16 101
24 36 6 0 0
24 34 5 0 0
24 33 5 0 0
24 32 4 0 0
24 30 4 0 0
24 30 4 0 0
25 28 5 0 0
25 27 6 0 0
23 27 6 0 0
23 28 6 20 50
25 29 7 59 412
24 30 18 93 640
25 32 18 123 763
24 35 18 146 828
25 37 18 161 864
25 38 14 169 882
23 41 17 172 893
23 41 18 169 885
24 42 18 160 868
24 42 18 144 824
24 41 9 121 756
24 41 6 91 631
24 40 6 56 388
24 38 5 17 37
24 37 5 0 0
23 36 5 0 0
24 34 5 0 0
24 33 4 0 0
24 32 4 0 0
24 31 4 0 0
24 31 4 0 0
23 29 6 0 0
24 29 6 0 0
24 28 7 18 107
24 29 7 46 526
25 31 18 70 728
25 33 18 92 824
25 35 17 108 880
23 38 17 120 914
25 39 14 126 928
24 40 17 128 933
24 41 18 126 934
24 42 18 119 916
23 41 18 107 886
24 42 9 91 831
23 42 6 69 728
25 41 6 44 512
23 39 5 16 88
23 38 5 0 0
24 36 5 0 0
24 34 5 0 0
24 33 4 0 0
25 32 4 0 0
23 31 4 0 0
23 30 6 0 0
23 29 6 0 0
25 28 6 0 0
23 28 6 18 101
25 28 7 47 519
23 31 18 72 729
23 33 18 95 831
23 36 18 112 887
23 38 18 124 928
23 40 14 130 941
25 40 19 133 949
23 40 18 130 941
25 40 18 123 913
23 42 17 111 882
25 42 9 106 762
23 41 6 113 531
24 40 6 79 70
24 37 5 20 14
24 37 5 0 0
24 35 5 0 0
24 33 5 0 0
24 36 4 0 0
25 37 3 0 0
23 33 3 0 0
23 31 5 0 0
24 31 5 0 0
24 31 5 0 0
23 31 6 19 23
23 32 6 77 278
25 32 9 113 368
25 34 8 184 521
24 37 8 144 808
24 38 8 159 848
24 40 5 167 870
24 41 5 170 878
24 41 6 167 867
24 42 5 166 808
24 42 6 178 752
24 42 5 169 634
24 41 5 117 480
25 41 5 65 343
24 39 5 14 35
24 37 4 0 0
24 35 5 0 0
25 33 5 0 0
25 32 5 0 0
23 31 5 0 0
23 31 5 0 0
25 30 5 0 0
25 29 5 0 0
23 27 5 0 0
23 27 5 13 96
25 28 5 37 592
24 31 5 56 781
25 33 5 74 862
25 35 5 88 912
25 38 5 97 951
25 38 5 103 967
25 40 5 105 972
25 41 5 103 969
25 41 5 97 955
25 41 5 87 928
23 41 5 74 878
23 40 5 56 791
23 39 5 36 599
23 37 5 16 148
25 36 5 0 0
23 33 5 0 0
23 32 5 0 0
23 30 5 0 0
24 29 6 0 0
25 29 6 0 0
25 27 6 0 0
25 26 6 0 0
25 25 6 0 0
25 25 6 19 57
23 27 7 56 436
23 29 18 88 665
23 31 18 116 780
23 33 18 137 848
24 36 18 152 881
24 37 14 160 906
24 38 18 163 910
24 41 18 160 909
23 41 18 152 890
23 42 18 137 849
23 41 9 115 777
23 40 6 87 660
25 38 6 55 426
23 37 5 19 53
23 36 6 0 0
23 33 5 0 0
23 32 5 0 0
24 31 4 0 0
24 30 4 0 0
23 29 4 0 0
24 27 4 0 0
23 26 6 0 0
23 25 6 0 0
25 25 6 16 151
24 26 7 37 598
25 29 18 57 785
24 31 18 75 875
24 33 18 89 923
25 36 18 99 958
23 38 14 105 970
24 39 19 107 983
24 41 18 104 976
24 41 18 99 966
24 41 18 126 767
23 41 9 90 779
25 40 6 66 715
25 38 6 42 537
25 37 5 17 107
24 35 5 0 0
24 33 5 0 0
24 32 5 0 0
24 30 4 0 0
25 30 4 0 0
24 28 4 0 0
24 28 5 0 0
25 27 6 0 0
23 26 6 0 0
23 26 6 19 55
24 26 7 63 358
23 28 18 160 296
25 30 18 270 373
25 33 18 289 603
25 35 18 322 633
24 37 14 380 609
24 38 18 361 572
24 40 18 311 712
25 40 18 217 753
25 40 17 207 730
25 41 9 139 738
23 38 6 120 535
23 38 6 69 354
23 36 5 18 64
25 35 5 0 0
25 32 5 0 0
25 31 5 0 0
25 30 4 0 0
23 29 4 0 0
24 28 4 0 0
23 27 5 0 0
23 25 6 0 0
23 25 6 0 0
25 26 7 19 25
25 27 7 83 270
25 28 18 139 560
24 31 18 254 455
25 35 18 352 523
25 35 17 317 580
23 37 14 340 567
23 37 18 408 752
25 38 18 393 524
25 40 17 298 637
23 39 17 297 423
25 40 9 227 486
24 39 6 134 494
24 38 6 108 177
24 36 5 21 54
24 35 5 0 0
24 34 5 0 0
24 33 5 0 0
23 33 4 0 0
24 32 4 0 0
24 31 4 0 0
24 31 6 0 0
23 29 6 0 0
23 28 6 0 0
24 28 7 21 44
24 28 7 80 285
24 31 18 154 455
24 34 18 157 606
25 36 18 195 751
25 37 17 243 785
25 38 14 336 583
25 40 17 312 386
25 41 17 222 812
24 41 17 248 707
24 42 18 200 554
24 42 9 171 662
25 42 6 102 524
25 41 6 93 198
23 40 5 13 1
25 37 6 0 0
24 37 5 0 0
24 36 5 0 0
24 35 4 0 0
24 33 3 0 0
24 32 3 0 0
24 32 5 0 0
24 31 5 0 0
23 30 5 0 0
24 30 6 23 58
23 30 6 77 282
23 32 9 133 492
23 33 8 119 772
23 35 9 208 722
23 36 8 191 778
24 36 5 235 779
23 39 5 222 787
25 38 6 265 718
23 40 6 290 588
25 39 6 229 446
25 39 5 164 353
23 38 5 66 700
23 37 5 45 504
23 36 5 16 57
23 35 4 0 0
23 33 5 0 0
23 33 5 0 0
24 33 5 0 0
25 32 5 0 0
25 31 5 0 0
25 31 5 0 0
25 30 5 0 0
25 30 5 0 0
25 29 5 16 116
23 30 5 48 493
23 32 5 55 757
23 33 5 73 845
23 34 5 86 892
25 35 5 96 921
24 37 5 101 945
24 38 5 103 944
24 40 5 106 831
25 40 5 87 894
25 41 5 86 906
25 41 5 65 823
23 41 5 129 507
23 31 5 50 37
24 33 5 20 17
23 34 5 0 0
25 33 5 0 0
25 32 5 0 0
23 31 5 0 0
25 31 6 0 0
25 30 6 0 0
25 30 6 0 0
25 29 6 0 0
23 29 6 0 0
25 30 7 19 17
25 30 7 67 288
25 33 18 112 532
25 35 18 151 669
25 36 18 180 742
23 37 17 199 792
25 39 14 211 815
24 40 18 239 805
24 42 18 267 748
25 42 18 296 655
24 42 18 180 711
24 42 9 152 675
24 43 6 117 537
25 42 6 75 247
25 40 5 17 11
25 39 5 0 0
25 37 5 0 0
25 36 5 0 0
25 36 4 0 0
25 35 4 0 0
23 33 5 0 0
25 32 6 0 0
25 32 6 0 0
25 31 6 0 0
24 30 7 19 43
25 31 7 71 304
24 33 18 126 533
24 35 18 140 741
24 36 18 168 737
24 40 18 150 875
25 40 14 145 881
25 42 18 147 907
25 43 18 146 900
23 43 17 126 878
24 43 18 123 854
23 43 9 103 784
23 43 6 102 618
23 42 6 57 408
23 41 5 25 31
23 39 6 0 0
24 37 5 0 0
24 37 5 0 0
23 36 4 0 0
24 36 4 0 0
24 35 5 0 0
24 34 6 0 0
24 33 6 0 0
24 32 6 0 0
25 31 6 19 5
23 32 7 101 70
24 33 18 169 153
24 34 18 280 70
24 35 18 412 288
24 35 18 494 34
23 37 14 443 240
23 38 19 471 140
24 40 19 339 566
23 40 18 298 661
23 41 18 297 483
23 40 9 303 243
23 40 6 176 111
24 38 6 92 22
23 37 5 22 3
25 37 6 0 0
23 36 5 0 0
23 36 5 0 0
24 35 4 0 0
25 35 4 0 0
23 34 4 0 0
24 33 6 0 0
24 32 6 0 0
23 32 6 0 0
24 32 6 9 0
23 32 7 86 111
25 32 18 168 52
25 33 18 271 141
25 35 17 385 80
25 35 17 412 381
23 34 14 438 331
23 33 19 493 274
25 32 19 450 281
24 32 17 519 193
25 32 18 284 6
23 32 9 299 109
23 31 6 160 29
23 31 6 46 0
25 31 5 12 1
25 30 5 0 0
25 30 5 0 0
25 29 5 0 0
25 28 4 0 0
23 28 4 0 0
23 27 5 0 0
23 27 6 0 0
23 27 6 0 0
23 26 6 0 0
25 27 7 16 3
24 27 7 70 46
24 30 18 155 132
24 31 18 256 356
23 33 18 279 681
25 35 18 268 696
25 36 14 226 765
25 36 18 186 796
25 37 18 280 709
24 38 17 254 676
24 38 18 237 659
25 38 9 203 531
23 37 6 125 458
23 37 6 58 420
23 36 6 23 26
23 35 6 0 0
23 34 5 0 0
24 33 5 0 0
23 32 4 0 0
23 32 3 0 0
23 31 3 0 0
25 30 5 0 0
25 30 5 0 0
25 30 5 0 0
25 30 6 5 2
23 30 6 63 2
24 30 9 123 2
23 31 8 238 21
25 32 9 325 48
25 33 8 341 68
25 38 5 331 812
24 40 5 433 642
24 40 6 357 537
25 41 6 233 597
23 41 6 230 712
23 40 5 210 234
25 39 5 133 24
25 39 5 53 3
25 39 5 11 1
23 38 4 0 0
23 37 5 0 0
23 34 5 0 0
24 36 5 0 0
23 35 5 0 0
23 35 5 0 0
23 33 5 0 0
23 32 5 0 0
25 31 5 0 0
25 32 5 12 93
24 32 5 84 307
24 33 5 69 684
24 36 5 84 784
24 37 5 108 846
24 40 5 131 878
23 40 5 158 880
23 41 5 173 897
24 42 5 155 910
24 42 5 153 886
24 42 5 136 862
25 42 5 68 811
23 42 5 60 702
24 41 5 50 210
24 37 5 9 1
23 37 5 0 0
23 36 5 0 0
25 34 5 0 0
23 34 5 0 0
25 32 6 0 0
25 30 6 0 0
23 30 6 0 0
23 29 6 0 0
24 29 6 0 0
24 29 7 8 82
24 31 7 47 459
24 32 18 87 611
24 34 18 202 551
25 35 18 334 226
25 36 17 189 863
25 38 14 154 910
25 40 18 160 916
25 40 18 150 896
23 41 17 145 894
23 42 18 132 856
24 42 9 42 799
23 41 6 30 700
24 40 6 25 368
24 39 5 10 55
24 37 5 0 0
25 36 5 0 0
24 35 5 0 0
23 35 4 0 0
24 33 4 0 0
23 33 5 0 0
25 31 6 0 0
24 29 6 0 0
25 30 6 0 0
23 30 6 8 70
25 30 7 45 450
24 32 18 70 676
24 34 18 97 769
23 36 18 127 842
25 37 19 147 880
24 38 14 153 908
25 40 18 164 916
24 40 18 154 914
24 41 18 149 889
23 41 18 135 859
23 41 9 67 789
23 41 6 50 693
24 40 6 47 358
24 38 5 16 56
24 37 5 0 0
25 36 5 0 0
25 35 5 0 0
24 35 4 0 0
25 34 4 0 0
23 33 5 0 0
25 32 6 0 0
23 32 6 0 0
23 32 6 0 0
23 32 6 7 2
23 33 7 57 190
24 34 18 68 679
24 35 18 95 778
23 38 18 119 847
25 40 18 136 889
25 41 14 146 895
25 42 18 162 915
23 42 18 156 901
25 42 18 157 866
25 42 17 140 848
25 42 8 71 795
25 42 6 51 699
25 41 6 33 361
23 39 5 9 67
25 38 6 0 0
25 37 5 0 0
23 36 5 0 0
25 35 4 0 0
25 34 4 0 0
25 33 5 0 0
25 32 6 0 0
25 32 6 0 0
24 31 6 0 0
25 31 7 10 74
23 31 7 43 425
25 32 18 79 614
25 35 18 127 635
25 36 17 126 825
25 38 17 143 876
23 38 14 165 881
23 41 19 304 682
23 41 18 314 561
25 41 18 173 791
25 42 17 141 818
25 42 9 67 746
23 42 6 50 649
23 41 6 42 309
25 39 5 9 48
24 38 5 0 0
25 37 5 0 0
25 36 5 0 0
23 36 4 0 0
23 35 4 0 0
24 34 5 0 0
23 34 6 0 0
23 32 6 0 0
23 32 6 0 0
23 31 6 10 28
23 31 7 50 333
25 33 18 99 574
25 35 18 222 471
25 35 17 207 608
24 36 17 229 797
25 38 14 400 546
25 38 18 358 397
25 40 18 263 806
24 41 17 175 835
25 41 18 147 809
25 42 8 79 755
25 41 6 60 642
23 40 6 50 294
24 40 5 10 45
24 38 5 0 0
24 37 5 0 0
23 37 5 0 0
25 37 4 0 0
23 36 3 0 0
24 35 4 0 0
24 33 5 0 0
23 32 5 0 0
24 31 5 0 0
24 31 6 14 47
24 31 6 67 386
25 33 9 98 572
23 35 8 199 529
25 37 9 326 546
24 37 8 318 395
24 39 5 190 811
24 40 5 202 829
24 41 5 188 842
24 42 6 176 835
24 42 6 156 800
24 42 5 89 738
24 42 5 73 624
23 42 5 118 280
25 39 5 12 43
23 38 4 0 0
23 38 5 0 0
23 36 5 0 0
24 36 5 0 0
23 35 5 0 0
23 33 5 0 0
25 33 5 0 0
23 32 5 0 0
25 32 5 0 0
25 31 5 5 11
24 32 5 83 268
25 33 5 104 609
23 36 5 155 727
23 37 5 221 477
23 38 5 197 544
23 40 5 178 861
24 41 5 181 868
23 41 5 171 873
23 42 5 161 857
23 42 5 154 778
25 40 5 136 539
23 38 5 109 123
24 37 5 47 1
24 36 5 5 2
24 36 5 0 0
25 35 5 0 0
24 34 5 0 0
23 33 5 0 0
25 31 6 0 0
23 31 6 0 0
23 30 6 0 0
24 29 6 0 0
23 29 6 0 0
23 29 7 9 44
23 30 7 55 419
23 31 18 87 644
24 32 18 119 756
24 35 18 134 812
24 36 18 149 862
24 37 14 168 869
24 38 18 168 885
25 40 18 158 884
23 40 17 156 858
23 41 18 194 591
23 40 9 228 169
23 33 6 56 0
25 31 6 22 2
23 32 5 6 1
24 31 6 0 0
24 32 5 0 0
24 31 5 0 0
25 29 4 0 0
24 28 4 0 0
24 28 5 0 0
23 28 6 0 0
25 27 6 0 0
25 27 6 0 0
25 27 7 0 0
25 27 7 50 386
23 29 18 78 591
23 31 18 106 706
23 32 18 129 792
23 35 19 160 809
23 35 14 177 840
23 36 19 191 860
23 36 19 174 863
25 37 18 165 852
23 38 17 146 815
25 38 9 94 744
23 38 6 68 657
24 37 6 66 297
23 36 5 6 54
23 36 6 0 0
23 35 5 0 0
24 34 5 0 0
24 33 4 0 0
24 32 4 0 0
24 31 5 0 0
24 30 6 0 0
24 29 6 0 0
24 29 6 0 0
24 29 7 0 0
23 30 7 28 504
25 32 18 48 697
23 33 18 74 779
24 35 18 101 853
23 37 18 125 895
25 38 14 209 830
23 38 18 232 844
25 41 18 187 897
23 39 17 155 903
25 41 18 126 898
25 41 9 73 862
25 40 6 44 735
23 39 6 51 365
25 38 5 2 81
24 36 5 0 0
24 35 5 0 0
24 33 5 0 0
24 31 4 0 0
23 31 4 0 0
23 30 5 0 0
25 29 6 0 0
25 29 6 0 0
25 28 6 0 0
25 26 7 0 0
25 28 7 39 397
25 31 18 65 649
23 34 18 102 748
23 37 18 119 843
23 38 18 160 852
25 41 14 207 868
23 41 18 449 328
23 42 19 481 108
25 41 18 474 126
23 41 17 356 227
25 42 9 312 203
23 41 6 133 334
23 40 6 62 138
23 39 5 6 15
24 38 6 0 0
24 36 5 0 0
24 35 5 0 0
25 33 4 0 0
24 32 4 0 0
24 31 5 0 0
24 31 6 0 0
24 30 6 0 0
23 29 6 0 0
25 29 7 0 0
25 31 7 73 276
23 32 18 74 648
23 35 18 81 787
23 36 18 113 849
23 38 18 129 884
23 40 14 148 900
23 42 18 165 904
23 42 18 162 886
24 43 18 160 862
24 43 18 142 826
24 43 9 98 771
24 42 6 54 680
24 42 6 75 287
23 41 5 4 61
23 38 6 0 0
25 37 5 0 0
24 36 5 0 0
24 35 4 0 0
25 33 3 0 0
24 32 3 0 0
24 32 4 0 0
24 31 5 0 0
23 30 5 0 0
25 30 7 0 0
25 30 6 31 513
23 32 9 55 691
24 35 8 85 772
23 36 9 247 701
23 38 8 156 839
23 40 5 164 871
23 42 5 182 877
23 43 6 185 838
23 42 6 179 826
23 43 6 154 807
23 42 5 118 742
23 42 5 68 623
25 41 5 88 233
23 40 5 6 46
23 38 4 0 0
25 37 5 0 0
25 36 5 0 0
25 35 5 0 0
23 34 5 0 0
24 33 5 0 0
24 32 5 0 0
24 31 5 0 0
25 30 5 0 0
23 30 5 0 0
23 30 5 41 439
23 32 5 63 678
23 35 5 87 778
24 36 5 120 825
24 38 5 148 862
24 40 5 159 895
24 42 5 180 897
25 43 5 175 886
23 44 5 168 868
25 44 5 146 838
23 44 5 108 769
23 44 5 167 508
25 43 5 114 144
25 41 5 13 10
23 39 5 0 0
23 38 5 0 0
23 38 5 0 0
23 37 5 0 0
25 36 6 0 0
23 35 6 0 0
23 34 6 0 0
25 33 6 0 0
25 33 6 0 0
25 32 7 0 0
25 33 7 62 3
23 31 18 123 40
25 34 18 266 198
23 36 18 208 790
23 37 18 183 850
23 37 14 334 517
23 38 18 466 227
25 39 18 493 308
25 40 17 461 178
25 41 17 289 485
23 42 9 92 719
23 42 6 77 492
23 41 6 34 43
25 40 5 10 34
24 40 5 0 0
25 38 5 0 0
23 36 5 0 0
23 35 4 0 0
23 34 4 0 0
25 33 6 0 0
23 30 6 0 0
23 30 6 0 0
25 30 6 0 0
25 30 7 0 0
25 30 7 44 3
25 30 18 124 7
25 31 18 227 25
25 32 17 336 28
25 33 17 501 175
23 35 14 611 167
23 35 18 504 11
25 37 18 640 170
25 37 17 432 406
25 37 17 199 763
24 37 9 119 706
24 36 6 58 577
25 36 6 88 152
24 35 5 15 10
24 33 5 0 0
23 33 5 0 0
23 31 5 0 0
23 30 4 0 0
24 29 4 0 0
23 28 6 0 0
25 27 6 0 0
23 27 6 0 0
25 27 6 0 0
25 27 7 0 0
25 28 7 102 192
25 31 18 156 406
25 32 17 157 622
23 33 18 207 684
25 34 18 289 573
23 36 14 334 597
23 36 18 194 789
23 38 18 303 625
24 38 18 611 105
24 40 18 355 522
23 40 9 88 732
25 39 6 23 633
25 38 6 90 194
25 37 5 7 37
23 34 5 0 0
23 31 5 0 0
23 32 5 0 0
23 33 4 0 0
25 32 4 0 0
25 29 6 0 0
24 28 6 0 0
24 27 6 0 0
24 27 6 0 0
25 27 7 0 0
23 28 7 57 5
23 30 18 168 48
23 31 18 206 5
23 33 18 385 356
23 35 18 393 365
25 37 14 419 420
25 39 18 311 663
25 39 17 272 738
25 41 17 260 684
25 41 17 200 727
24 42 9 211 440
24 26 6 93 32
24 27 6 35 3
24 27 5 8 0
23 28 5 0 0
23 28 5 0 0
25 28 5 0 0
23 28 4 0 0
25 28 4 0 0
25 28 6 0 0
25 28 6 0 0
23 28 6 0 0
23 28 6 0 0
23 28 6 0 0
23 28 7 69 32
23 30 18 143 398
23 32 18 198 540
24 35 18 139 728
24 36 18 189 680
24 37 14 178 815
24 39 18 227 723
24 40 18 232 731
24 40 18 242 608
24 41 18 169 723
24 41 9 149 679
24 42 6 139 341
24 41 6 67 376
23 39 5 21 20
24 37 5 0 0
24 36 5 0 0
24 35 5 0 0
25 34 4 0 0
23 33 3 0 0
23 32 5 0 0
23 31 5 0 0
23 30 5 0 0
25 30 5 0 0
23 30 7 0 0
23 31 6 49 428
23 32 9 67 663
25 35 8 89 778
23 36 9 121 830
25 38 8 137 873
23 40 5 151 897
25 41 5 161 906
25 42 6 157 889
24 42 6 149 863
24 42 6 138 825
24 42 5 185 629
24 42 5 186 276
23 41 5 82 6
25 40 5 5 18
25 39 4 0 0
24 38 5 0 0
24 37 5 0 0
23 36 5 0 0
24 35 5 0 0
24 34 5 0 0
23 33 5 0 0
23 32 5 0 0
25 32 5 0 0
24 31 5 0 0
25 32 5 50 369
25 33 5 82 611
25 35 5 117 723
23 36 5 148 789
23 39 5 168 826
25 40 5 177 846
25 40 5 185 853
25 41 5 173 864
25 42 5 161 846
25 43 5 146 808
25 43 5 123 708
23 42 5 22 583
25 42 5 96 87
25 39 5 3 0
23 38 5 0 0
23 37 5 0 0
23 36 5 0 0
24 37 5 0 0
25 35 6 0 0
25 33 6 0 0
25 33 6 0 0
23 33 6 0 0
25 32 6 0 0
25 31 6 0 0
25 32 7 51 282
23 33 18 73 594
25 35 18 107 721
25 36 18 145 799
24 37 17 180 831
24 39 14 204 849
24 39 18 202 865
24 41 18 181 866
24 42 18 174 829
24 42 18 155 801
24 42 9 153 716
25 43 6 83 604
23 42 6 64 353
24 41 5 9 28
24 40 5 0 0
24 38 5 0 0
23 35 5 0 0
23 35 4 0 0
25 32 4 0 0
25 32 6 0 0
25 32 6 0 0
25 32 6 0 0
25 31 6 0 0
23 31 6 0 0
25 31 7 56 50
25 34 18 162 322
24 35 17 303 171
24 37 18 185 709
25 37 18 190 784
25 38 14 199 821
24 40 18 203 829
24 41 18 199 821
25 42 18 181 799
23 43 17 168 756
23 42 9 238 393
23 42 6 120 1
23 36 6 27 0
24 36 5 0 0
24 36 5 0 0
23 36 5 0 0
24 35 5 0 0
25 32 4 0 0
24 32 4 0 0
24 32 6 0 0
24 31 6 0 0
24 29 6 0 0
23 28 6 0 0
25 28 6 0 0
25 29 7 48 8
24 30 18 143 43
24 32 18 220 268
24 35 18 197 691
23 36 18 156 808
23 38 14 170 865
24 39 18 204 848
24 40 18 203 837
24 41 18 167 833
25 41 18 164 736
25 41 9 147 722
23 41 6 15 639
23 39 6 92 170
23 38 5 0 0
24 37 6 0 0
23 36 5 0 0
24 36 5 0 0
23 35 4 0 0
24 34 4 0 0
23 33 6 0 0
23 32 6 0 0
23 32 6 0 0
25 32 6 0 0
24 31 7 0 0
25 31 7 47 27
24 32 18 106 2
24 33 18 213 52
24 36 18 212 729
23 37 18 193 802
25 37 14 190 845
25 39 18 195 851
24 40 17 192 840
24 40 18 177 810
24 41 18 180 775
24 41 9 226 386
24 38 6 149 125
25 36 6 77 2
25 35 5 0 0
23 35 5 0 0
25 34 5 0 0
24 33 5 0 0
24 33 4 0 0
23 31 4 0 0
23 31 6 0 0
25 30 6 0 0
24 30 6 0 0
24 28 6 0 0
24 28 7 0 0
24 29 7 78 91
24 31 18 143 456
24 33 18 221 616
24 34 18 319 237
25 35 18 335 612
25 36 14 274 754
23 37 17 303 651
24 38 18 231 578
24 39 18 268 616
24 39 18 276 474
25 39 9 231 182
23 38 6 144 257
25 36 6 62 4
25 35 5 0 0
25 33 5 0 0
25 33 5 0 0
23 32 5 0 0
25 32 4 0 0
23 32 3 0 0
23 31 3 0 0
25 31 5 0 0
23 30 5 0 0
23 29 5 0 0
23 30 6 0 0
23 30 6 48 175
23 31 9 185 217
23 33 8 198 263
23 36 9 236 297
23 38 8 183 787
25 38 5 205 844
25 38 5 182 834
23 39 6 173 840
23 40 6 158 826
24 41 6 134 801
24 40 5 116 719
23 40 5 91 245
23 36 5 25 1
23 32 5 0 0
24 25 4 0 0
23 26 5 0 0
24 25 5 0 0
24 24 5 0 0
23 23 5 0 0
25 24 5 0 0
24 25 5 0 0
25 25 5 0 0
23 25 5 0 0
23 25 5 0 0
23 26 5 56 5
25 27 5 101 3
25 27 5 174 4
23 28 5 208 3
25 30 5 357 5
25 31 5 477 6
23 32 5 598 190
23 34 5 378 503
25 35 5 178 817
25 36 5 164 792
23 35 5 231 295
25 35 5 128 186
25 35 5 85 26
24 33 5 0 0
25 33 5 0 0
25 32 5 0 0
25 31 5 0 0
24 31 5 0 0
25 31 6 0 0
25 30 6 0 0
23 30 6 0 0
23 29 6 0 0
23 29 6 0 0
23 28 7 0 0
24 28 8 46 22
24 28 18 127 224
24 30 18 261 148
24 32 18 433 256
25 33 18 521 281
25 33 14 530 30
25 34 18 470 289
25 35 18 523 266
25 35 17 326 93
25 34 17 201 2
25 34 9 165 2
24 33 6 120 1
24 32 6 66 0
24 31 5 0 0
24 30 5 0 0
25 30 5 0 0
25 31 5 0 0
25 31 4 0 0
