2.347490630548521651e+01 -1.718526867397829605e+01
2.339560032302929926e+01 -1.702400675552160791e+01
2.329308848522616060e+01 -1.681992400954073474e+01
2.319515334086647940e+01 -1.662402491629858048e+01
2.317570167151435712e+01 -1.659558071967422421e+01
2.314021086502788549e+01 -1.652352581154523747e+01
2.329014845397080791e+01 -1.686147818722426450e+01
2.416746735952877856e+01 -2.559416959915233747e+01
2.474108652197105940e+01 -2.598289433047038699e+01
2.436836942354992885e+01 -3.880121580709259632e+01
2.435025612219230240e+01 -4.537632637258484891e+01
2.537349403840675421e+01 -2.456234833108817384e+01
2.552414777615501507e+01 -3.379402080903442851e+01
2.406997369501622686e+01 -6.538405539113107068e+01
2.480560916180939657e+01 -4.442425100825771267e+01
2.481519325704590884e+01 -4.659186707329809707e+01
2.332206139018700952e+01 -6.286990309834781954e+01
2.441533175247276333e+01 -2.205210735323135651e+01
2.450020359410560999e+01 -2.259562750711784673e+01
2.376522506261930801e+01 -3.417079560772391744e+01
2.372198581039755894e+01 -2.899104931327246248e+01
2.372097467631638423e+01 -2.384503846263647020e+01
2.391258663665288609e+01 -1.821382154718399704e+01
2.386804161765743260e+01 -1.811993448766810388e+01
2.379990058507432948e+01 -1.797871783020924852e+01
2.370117697791567224e+01 -1.776891765895466335e+01
2.358300410012827086e+01 -1.751510395111375473e+01
2.343745136732615109e+01 -1.926490713571380553e+01
2.347075023098321012e+01 -1.727767451865145176e+01
2.346001549451428758e+01 -1.725823112742853738e+01
2.313445003748033102e+01 -2.383299402966894576e+01
2.426171250458789785e+01 -2.510671216434650077e+01
2.411950521615319687e+01 -3.495274859289743574e+01
2.450797220231329021e+01 -3.809310726929048485e+01
2.321964548140412177e+01 -6.412930849277027789e+01
2.472168904369557296e+01 -2.586414547409825104e+01
2.550999099204199894e+01 -2.812948447762207493e+01
2.565239236054837235e+01 -3.507389060478585918e+01
2.436316141740296715e+01 -6.170583315133733748e+01
2.541440187190767830e+01 -3.630768858007929367e+01
2.339647345061458950e+01 -5.830696751457007565e+01
2.461275350833171416e+01 -1.974748416980814980e+01
2.333585682934856464e+01 -3.778871866328267970e+01
2.423754647721501243e+01 -1.895672202827607578e+01
2.432051338955550079e+01 -1.913793064864009708e+01
2.345343397956723663e+01 -3.233523771946346415e+01
2.340281637430728878e+01 -2.673670224869016820e+01
2.368163871672662779e+01 -1.778112493119531479e+01
2.356585827471506533e+01 -1.748946068327364500e+01
2.347848016132040883e+01 -1.730020966835564522e+01
2.335909079374426511e+01 -1.704465244057424300e+01
2.326605319330680999e+01 -1.684402935361756448e+01
2.321682574392819021e+01 -1.673886485189113671e+01
2.326141796074275447e+01 -1.683667654505876854e+01
2.330668064029110553e+01 -1.693481483137865240e+01
2.349068532313863855e+01 -2.093741460162190648e+01
2.389696713232602221e+01 -1.842200170818238902e+01
2.412665698510097911e+01 -2.074399471598695399e+01
2.414814745068394330e+01 -2.548676194195800804e+01
2.414859862102906618e+01 -2.392537049327183851e+01
2.449635381039179904e+01 -1.953069198611445501e+01
2.469371752602771153e+01 -1.995281226106685324e+01
2.349673364169053613e+01 -4.072853583594608295e+01
2.345660956671400044e+01 -3.880822399329457539e+01
2.411956905058460165e+01 -1.977894637574816272e+01
2.428772345415572786e+01 -1.907027283322245736e+01
2.360360020967376116e+01 -3.022338407524931725e+01
2.398233617506830839e+01 -1.838208355503224212e+01
2.352963973479980808e+01 -2.335929536460988842e+01
2.373797422320153316e+01 -1.785385459403877206e+01
2.366305451778474733e+01 -1.773831446225850073e+01
2.362066298602425007e+01 -1.760185652373772669e+01
2.354109792311687954e+01 -1.743139626529391961e+01
2.341513947752797975e+01 -1.800613192777144889e+01
2.337880558098309436e+01 -1.707815138943529121e+01
2.330138879109398431e+01 -1.690879963468674063e+01
2.321306111573079534e+01 -1.671934622693186512e+01
2.314130030872200905e+01 -1.656664321489185454e+01
2.314461429062668429e+01 -1.657750842910829547e+01
2.309135972396524394e+01 -1.935484651103899623e+01
2.306239685384297999e+01 -2.246707001033746565e+01
2.352671374143314864e+01 -1.741848046019356033e+01
2.346843069704828366e+01 -2.302756383763732728e+01
2.376582095136757289e+01 -2.165947484868098272e+01
2.377469386229838832e+01 -2.353689273008741267e+01
2.377475957547807184e+01 -2.553570297840267500e+01
2.377464023427841155e+01 -2.658751802417905097e+01
2.377480419055896377e+01 -2.662139167992474498e+01
2.391341889928317954e+01 -2.427998709705273939e+01
2.419957800503890155e+01 -1.885912182387283309e+01
2.422787179304476624e+01 -1.890796516189654852e+01
2.415973548757921563e+01 -1.875088702369751559e+01
2.397970039034157352e+01 -1.836756299412584070e+01
2.382650304372169359e+01 -1.804543041475291787e+01
2.370579844702449890e+01 -1.778693906037304728e+01
2.361112752962302253e+01 -1.757959889286889421e+01
2.361437720521044170e+01 -1.758566307740795764e+01
2.315077071835482769e+01 -2.303328955312141701e+01
2.327013265517137697e+01 -1.684936301082424848e+01
2.330137232682380599e+01 -1.690043473386499073e+01
2.324670640786532871e+01 -1.678137293985738765e+01
2.322939973082564791e+01 -1.674652018400444931e+01
2.334695897259705077e+01 -1.700556338353141328e+01
2.365260654101907178e+01 -3.398817540310490415e+01
2.460052980739573414e+01 -2.584234072262682602e+01
2.514989660174471808e+01 -2.705686583413095647e+01
2.415299939279887198e+01 -4.985930281160073463e+01
2.452118238885854851e+01 -4.056756524657642871e+01
2.367382152596363909e+01 -6.186336060829637518e+01
2.362996218809044890e+01 -6.266432756714769425e+01
2.362289646887969141e+01 -6.108637713326340446e+01
2.365935200714170605e+01 -6.064121580250083809e+01
2.453961854162809431e+01 -2.780426992361034522e+01
2.458493825073821171e+01 -2.545390534308753416e+01
2.392754306180073343e+01 -3.723233939160281381e+01
2.447291032006276978e+01 -1.944041810426903183e+01
2.444790369246412354e+01 -1.936633578603915851e+01
2.329053960427653180e+01 -3.520622034147548618e+01
2.378558784671119852e+01 -1.790163032093651907e+01
2.370283652344615533e+01 -1.770091080351343393e+01
2.364620477490790762e+01 -1.757580257199684937e+01
2.355027947911618114e+01 -1.736059262175605511e+01
2.346302296099936058e+01 -1.717273971588300796e+01
2.340109755028395000e+01 -1.704820527113668760e+01
2.332248199303031910e+01 -1.688003651444621411e+01
2.328252112941093444e+01 -1.680096065131547789e+01
2.338349482063263807e+01 -1.702096757572059005e+01
2.463132685855845949e+01 -1.975768222451333500e+01
2.445974456330211311e+01 -2.662645773799523852e+01
2.526255609991773099e+01 -2.722630875161537389e+01
2.559720146700351151e+01 -2.994956863346209275e+01
2.388662684594967445e+01 -5.890240815685061193e+01
2.380205395968335935e+01 -6.363909265857904529e+01
2.475585425589828859e+01 -4.214366202097589564e+01
2.343544161996160824e+01 -7.043866826819088089e+01
2.332457849513953363e+01 -7.190044983982768656e+01
2.478706138111649437e+01 -2.012392625600766394e+01
2.489778340975401960e+01 -2.037274754113422759e+01
2.508300491741992388e+01 -2.128634628907955673e+01
2.496410241394072926e+01 -2.048421345377677483e+01
2.480759471742301159e+01 -2.013602080963460494e+01
2.454906500807547687e+01 -1.955607078882209748e+01
2.434890043025001916e+01 -1.911624622204072566e+01
2.378676240702214884e+01 -2.443081704087051875e+01
2.383840293746292005e+01 -1.800309708274343734e+01
2.379227042619919885e+01 -1.789482779150289460e+01
2.366715605421554969e+01 -1.762332483056240306e+01
2.358429169038208073e+01 -1.743969081726329051e+01
2.355148632552023358e+01 -1.737123207397256763e+01
2.352597518294159329e+01 -1.731707145610932841e+01
2.361767375175023886e+01 -1.751714642816738632e+01
2.387739715409428953e+01 -3.450397842578030350e+01
2.480101494239470838e+01 -2.614260723777153217e+01
2.530654270320095023e+01 -2.725194607097847666e+01
2.369648844871181126e+01 -5.949065847424182607e+01
2.508926731750336003e+01 -2.749197336739800335e+01
2.324803091226092988e+01 -6.452483881513272479e+01
2.318173529414514533e+01 -7.323493157359389727e+01
2.309017877262987639e+01 -7.011358487983807208e+01
2.308649267342759259e+01 -6.864909970119877869e+01
2.308637204652406538e+01 -5.135123066464931441e+01
2.308624097345471071e+01 -4.215165644744861595e+01
2.308676069859232882e+01 -3.813623615139557188e+01
2.386772805859307667e+01 -1.801256007019159355e+01
2.312640448722821773e+01 -2.952225744041837174e+01
2.360598427379244413e+01 -1.744471642571891934e+01
2.360204758499954636e+01 -1.742870759135901082e+01
2.351625910652492024e+01 -1.723479881226020183e+01
2.305381044397790902e+01 -2.264289209682763371e+01
2.322641926228360987e+01 -1.660389484229616386e+01
2.317395397115120304e+01 -1.648798746474206212e+01
2.308973496611357845e+01 -1.630616244444751928e+01
2.307132914626173559e+01 -1.626373696815605285e+01
2.307398335496921149e+01 -1.626919864924239079e+01
2.320063236000930829e+01 -1.654916972510554629e+01
2.420708726554733659e+01 -2.341747845089949109e+01
2.390125447598580877e+01 -3.537070143596973537e+01
2.389156986956289330e+01 -4.549843968603766342e+01
2.473319456449912224e+01 -3.323394457449929718e+01
2.324727419476914747e+01 -5.852817106197883845e+01
2.491346563286471749e+01 -2.844901364353932394e+01
2.503994440534819077e+01 -3.571788348400689728e+01
2.338738628147878629e+01 -7.394418410172596623e+01
2.322962974429453809e+01 -7.043029247404398063e+01
2.444040935976485329e+01 -2.356675375264971706e+01
2.460055347715866603e+01 -2.172637217795288933e+01
2.307566850609935827e+01 -4.957378100931683917e+01
2.403936670265900943e+01 -1.835497929434587761e+01
2.325783404231203022e+01 -2.920773307730756230e+01
2.321089164041405084e+01 -2.747472359771674277e+01
2.320900731491732216e+01 -2.263885766727928228e+01
2.302953397445551786e+01 -2.285389479159868742e+01
2.318926285427609457e+01 -1.657449404259155656e+01
2.319807532529296523e+01 -1.655322296392735737e+01
2.311639295832798524e+01 -1.638014416561775732e+01
2.306659467971529054e+01 -1.627227114476030678e+01
2.305376802619877452e+01 -1.624591698847027033e+01
2.302692191226039853e+01 -1.619254302088848263e+01
2.318078157601159006e+01 -1.653455154589551768e+01
2.320812318706137134e+01 -3.793916330814317206e+01
2.437036227605431549e+01 -2.518105633037723834e+01
2.351395034354665725e+01 -4.308764888407559113e+01
2.473339448462122547e+01 -3.028628450358631241e+01
2.479530670810035176e+01 -3.205632846236309064e+01
2.449375065249493133e+01 -4.945365063509940029e+01
2.447962176343359886e+01 -5.129461179121408776e+01
2.497513857099841061e+01 -4.250360513291770559e+01
2.499946007058903064e+01 -4.501786940177289864e+01
2.430195241325817435e+01 -4.507050069328425934e+01
2.471310488561416108e+01 -2.612728967600086349e+01
2.472017357012497385e+01 -2.494873487082094599e+01
2.472052878226252659e+01 -2.247244679567259595e+01
2.468648394137452939e+01 -1.977179353725106381e+01
2.380114339329081119e+01 -3.006281150755868481e+01
2.408587482639062571e+01 -1.845661205736015376e+01
2.325797824979934347e+01 -2.815000181145476077e+01
2.353532958854564683e+01 -1.725451813198411699e+01
2.350945083074055830e+01 -1.719681349163381512e+01
2.335380391304787651e+01 -1.686085177468561724e+01
2.326069788446614695e+01 -1.667114513192863967e+01
2.317478658018782767e+01 -1.649213311222250766e+01
2.321206153126090044e+01 -1.657370677067115494e+01
2.327265847532962439e+01 -1.670310900848234326e+01
2.337356620872402146e+01 -2.286241496818844254e+01
2.359722554269356820e+01 -2.342839275611048677e+01
2.392331754365853413e+01 -2.323374169066005024e+01
2.440984837613139646e+01 -2.044954597206560010e+01
2.355914804934716145e+01 -3.326883862108214629e+01
2.350325928286881449e+01 -3.473308108304371444e+01
2.350270317251182561e+01 -3.292574360537437883e+01
2.425997523636392117e+01 -1.881447270129818250e+01
2.441558324310323869e+01 -2.013129326284340692e+01
2.428928074188708663e+01 -2.405651503221211485e+01
2.426698530693038336e+01 -2.428805650045470443e+01
2.442589895647950016e+01 -1.917460324500725832e+01
2.377080808376020471e+01 -2.746628102002308580e+01
2.374745755702274863e+01 -2.245568979911799801e+01
2.379294719139604908e+01 -1.780773484563476927e+01
2.369545032267899387e+01 -1.762411474417061186e+01
2.359452460831670351e+01 -1.739776337284405727e+01
2.348523288897866124e+01 -1.716737132284107048e+01
2.336495201073451966e+01 -1.691237628820820049e+01
2.325585098205534962e+01 -1.668419853331389646e+01
2.315323375899440705e+01 -1.646000195822838208e+01
2.304615676716232642e+01 -1.622626091974284890e+01
2.297560734095330659e+01 -1.607292999157907332e+01
2.301537649944518549e+01 -1.616218506829027035e+01
2.305255926601499539e+01 -1.772590665610534089e+01
2.298292652827681692e+01 -2.210709224475244739e+01
2.314489865543037084e+01 -2.245436308430314654e+01
2.322037780222637693e+01 -2.435531238425211242e+01
2.322172272942858839e+01 -2.768472512161152821e+01
2.384844840899208407e+01 -1.795252625479891506e+01
2.412943973295324795e+01 -1.855806196439981903e+01
2.417966983708166140e+01 -2.234001180922581042e+01
2.418092812229324906e+01 -2.265207762949926718e+01
2.411773890260082709e+01 -2.453494782113700978e+01
2.352305149268914874e+01 -3.304351133195781642e+01
2.398792162553984042e+01 -2.108444965546549454e+01
2.406509122056399974e+01 -1.839309009972145859e+01
2.395475958612098211e+01 -1.815796333663153206e+01
2.373487998062126536e+01 -1.894718303601508325e+01
2.365458605237748557e+01 -1.751994695786044431e+01
2.353120958918866279e+01 -1.727055782163093767e+01
2.348187735522179054e+01 -1.717797722244913672e+01
2.340829853729157861e+01 -1.702138352573278368e+01
2.332666448553744942e+01 -1.684777627162823777e+01
2.325546563413810830e+01 -1.669465934305130261e+01
2.319347853052087771e+01 -1.656303583475454033e+01
2.316720163600052018e+01 -1.650961624422754426e+01
2.332866963505939850e+01 -1.686016237612649959e+01
2.339482160084380524e+01 -3.764777049445232393e+01
2.339688508103187914e+01 -4.522157621332595312e+01
2.339697230590437016e+01 -4.993096616597440374e+01
2.339726190530384997e+01 -5.413210057695999922e+01
2.496313674072232658e+01 -2.147868200214111667e+01
2.421371055046044418e+01 -4.239888920930026472e+01
2.555518891943240689e+01 -2.891084793249853391e+01
2.565475918807772970e+01 -3.395285217078161821e+01
2.423916604031746758e+01 -6.583026578258299821e+01
2.415779901940999608e+01 -4.688787102537476414e+01
2.499290434742119160e+01 -2.048557975274859189e+01
2.345398489147333621e+01 -4.527821989840606420e+01
2.441149893857083697e+01 -1.917478291132813339e+01
2.469144266763810691e+01 -1.983743863087038761e+01
2.388327135016198710e+01 -2.931899373237373752e+01
2.386595153532968183e+01 -2.408206060169498741e+01
2.399848142721121391e+01 -1.828757488220903937e+01
2.386361171574272788e+01 -1.898631270936691706e+01
2.382846811498760076e+01 -1.792970103340461563e+01
2.371581625157122630e+01 -1.867501965441295653e+01
2.367655130029280741e+01 -1.761187807837041319e+01
2.362531102006671091e+01 -1.750087380877256393e+01
2.359206908398171976e+01 -1.742645243605844030e+01
2.374639741678030802e+01 -1.776921974159333217e+01
2.388298979325139371e+01 -3.691201842334765360e+01
2.388947732225623710e+01 -4.382004204395444447e+01
2.388958963430590643e+01 -4.838475644869674852e+01
2.534638257503648617e+01 -2.496923526023542905e+01
2.543698116077637295e+01 -2.751201583988912702e+01
2.381580592628323245e+01 -6.954540921858200875e+01
2.369976100179801293e+01 -6.912039543352901205e+01
2.369110097155273564e+01 -6.424069022878023816e+01
2.371377083752626902e+01 -6.363820228751684738e+01
2.476719395493755727e+01 -2.599115857121886819e+01
2.484612982330564535e+01 -2.393218979627204845e+01
2.511627987518227201e+01 -2.075690830051158642e+01
2.312735016316869618e+01 -4.965646691763273424e+01
2.414342127925953463e+01 -1.862614400270554427e+01
2.406974283689294225e+01 -1.990963951470063975e+01
2.413424189835063771e+01 -1.860233267815137026e+01
2.402490957392199178e+01 -1.836380127877567148e+01
2.392945040681676971e+01 -1.816329362452771790e+01
2.381600624601978922e+01 -1.791716872413471151e+01
2.376523651342912302e+01 -1.780510658228751453e+01
2.369206918919365989e+01 -1.764651616519914512e+01
2.311201342910663215e+01 -2.458386947244666487e+01
2.306334035141228611e+01 -2.297084374293232401e+01
2.348590634508433794e+01 -1.720713762068829311e+01
2.423976047503042608e+01 -2.830787771258999186e+01
2.496783928936553565e+01 -2.648297770068425905e+01
2.405391369350597941e+01 -4.688908236097592663e+01
2.550120801512904478e+01 -2.418499523692530673e+01
2.566549918290388987e+01 -2.565906312855959825e+01
2.375154618199181655e+01 -7.355152064654191690e+01
2.354763772619474338e+01 -7.247790960926693060e+01
2.477572890562295527e+01 -4.188634110569841340e+01
2.480377929687088923e+01 -4.859168145311457465e+01
2.480442422995758633e+01 -3.777345336026336753e+01
2.480452006546520138e+01 -3.029457467541987725e+01
2.480466336743374001e+01 -2.749534172000382526e+01
2.480488454033556778e+01 -2.310505672515007802e+01
2.480490727943492502e+01 -2.037282163560387360e+01
2.392791408897559080e+01 -3.125965804756620159e+01
2.430027733779901666e+01 -1.901721742607225707e+01
2.422483844660684227e+01 -1.885904999045226305e+01
2.415480829572994637e+01 -1.870955126537291591e+01
2.405783874451582349e+01 -1.849903603330483648e+01
2.396175769094198671e+01 -1.829074193231684120e+01
2.388552769557415090e+01 -1.906529377148472904e+01
2.387934010347085589e+01 -1.811705245816282073e+01
2.388264325002037580e+01 -1.813124238410263089e+01
2.399275461742473681e+01 -1.878556343969349030e+01
2.486093782527278861e+01 -2.633350523175654345e+01
2.542544332285105213e+01 -2.760267143194350226e+01
2.590408363408569414e+01 -2.907710195571628020e+01
2.406103559209326193e+01 -6.361341033241422593e+01
2.553150739732448216e+01 -2.738853327437918139e+01
2.432755431058260953e+01 -5.513583221850178973e+01
2.486703971764124788e+01 -5.154814237404348631e+01
2.487319787772224444e+01 -5.229128165400138784e+01
2.380065212672419150e+01 -7.481343894109852499e+01
2.464808222601403642e+01 -3.483061731489349455e+01
2.398097979434256644e+01 -4.202799664081812381e+01
2.494220279730516410e+01 -2.043658875930690400e+01
2.374701558694941639e+01 -3.788210690448856610e+01
2.368487056644706712e+01 -3.609103167556193625e+01
2.423959193742608420e+01 -1.887433531470653136e+01
2.425084425173336200e+01 -1.888873968883709509e+01
2.414411309415038076e+01 -1.932122162292990097e+01
2.405247610040064643e+01 -1.844494418864224272e+01
2.384716291669526100e+01 -1.967344197769688918e+01
2.382220929611919402e+01 -1.887814329929985391e+01
2.378476367473392372e+01 -1.785768831440800497e+01
2.373457520426632072e+01 -1.775184059084453381e+01
2.337746955163223106e+01 -2.239533589512601708e+01
2.376166086364808905e+01 -1.781115675039673363e+01
2.330875002212198410e+01 -4.605277652128790322e+01
2.325654569106039204e+01 -5.458818939572277884e+01
2.325436864112332458e+01 -5.638724482649526237e+01
2.325415744491514758e+01 -5.989574225880492264e+01
2.325438958422236979e+01 -5.747655707420539528e+01
2.498079230246964144e+01 -2.856280507125910262e+01
2.403520799288576981e+01 -4.970461787831667522e+01
2.503604907416194791e+01 -3.843818670734324172e+01
2.358842198346451724e+01 -6.747965029640668888e+01
2.496327802856100675e+01 -2.123694031621168676e+01
2.390576872873796788e+01 -3.487597044320594364e+01
2.459477870795452148e+01 -2.334702784123925667e+01
2.464385193761005866e+01 -2.099891193586491767e+01
2.426060345414062525e+01 -2.700710465334640986e+01
2.424928079245824009e+01 -2.320573522714625980e+01
2.424937272295128210e+01 -1.988592256532100322e+01
2.416104920229527409e+01 -1.973480056872174160e+01
2.410005072134425319e+01 -1.858600011571629906e+01
2.381354674745102074e+01 -2.169424462676318299e+01
2.379502878988057191e+01 -2.088263352107944826e+01
2.383666330556418345e+01 -1.808713856207285886e+01
2.376673849668928185e+01 -1.790159714922883794e+01
2.376527663476049312e+01 -1.875057698784400984e+01
2.376491248936848777e+01 -1.928650050755417311e+01
2.410886236733451682e+01 -1.992669447537138439e+01
2.417761902917552064e+01 -2.252325544003863556e+01
2.404053630600729008e+01 -2.990535783540213544e+01
2.403574557334367157e+01 -3.301747106072526350e+01
2.403533716440293233e+01 -2.946411907132091912e+01
2.403572339024796989e+01 -2.983632744904561918e+01
2.403582042431434118e+01 -3.093528763759531586e+01
2.403540279735478435e+01 -3.196867883730978122e+01
2.403578672270746708e+01 -3.237060299573798261e+01
2.403565235334549754e+01 -3.024853862282833816e+01
2.403587725038739364e+01 -2.852271389956425551e+01
2.440378655825208654e+01 -1.995859716106868120e+01
2.413439654619206820e+01 -2.330316315716585152e+01
2.413050897152926311e+01 -2.057289419655161566e+01
2.408019424778119699e+01 -1.853237355963118560e+01
2.398106101851042382e+01 -1.829497866872152656e+01
2.388324380819944537e+01 -1.807741034797694013e+01
2.316451985666779834e+01 -2.706422020677691620e+01
2.312541712495889357e+01 -2.332838212672638178e+01
2.331840518155612330e+01 -1.683603972652476699e+01
2.327709909259035115e+01 -1.674465927920028463e+01
2.321349272243796946e+01 -1.661468437769908491e+01
2.317971661485072943e+01 -1.654438945413630435e+01
2.321958071315926020e+01 -1.663405030106522631e+01
2.319869454334004999e+01 -1.960601236961823801e+01
2.316784306025009954e+01 -2.255510968724465926e+01
2.332091890833580550e+01 -2.289061140040998410e+01
2.379424168160165820e+01 -1.788756318077416907e+01
2.403273731373898414e+01 -1.840171379778377769e+01
2.425367795666900150e+01 -1.887493961529886732e+01
2.443009181523334661e+01 -1.926110998859047996e+01
2.455392497213903980e+01 -1.950124450999564729e+01
2.453235993097871415e+01 -2.038712808598357284e+01
2.317637354099787572e+01 -4.195341062967631274e+01
2.314085166511433656e+01 -3.797552163276631632e+01
2.313986874562531781e+01 -3.230359975045263354e+01
2.313983541972640978e+01 -2.919507515597338809e+01
2.357499621240719279e+01 -1.736263647229994689e+01
2.312936628665243077e+01 -2.324519576079967820e+01
2.309266295922361323e+01 -2.144843968018371783e+01
2.312208950693107212e+01 -1.867903283430383610e+01
2.323674143138087445e+01 -1.663255454328192329e+01
2.322032707157608655e+01 -1.659435139684243055e+01
2.316393349927102463e+01 -1.647710226332551287e+01
2.309228734139736972e+01 -1.632532489678551357e+01
2.303755664787957258e+01 -1.620781395808723602e+01
2.300831494382594755e+01 -1.614609268288372235e+01
2.314992237581723344e+01 -1.645684210236009548e+01
2.361083018301146907e+01 -3.104148885600627850e+01
2.362706523866158648e+01 -3.888614217159031483e+01
2.362715362447631051e+01 -4.513796228333936256e+01
2.462177976097380494e+01 -3.161181056118338972e+01
2.470379880605115730e+01 -3.357178394714654246e+01
2.470715448445201545e+01 -4.471128520650663063e+01
2.470703933876301761e+01 -4.714064521717839540e+01
2.333507031485380523e+01 -7.431012310673968102e+01
2.317503958227248262e+01 -7.308198817959120674e+01
2.306704680477017888e+01 -5.435404244478235114e+01
2.305313402886497087e+01 -4.404220360540809764e+01
2.417519198232051991e+01 -1.866836937832703214e+01
2.315268853887255673e+01 -3.503583260945818267e+01
2.311581225421621966e+01 -3.406152325848299967e+01
2.311497919780685351e+01 -2.686504610924096781e+01
2.311489973595713465e+01 -2.358358260736074286e+01
2.336749930636669603e+01 -1.692792110185931875e+01
2.334322611130182423e+01 -1.687382813354231814e+01
2.305107580141241641e+01 -2.040300540083549308e+01
2.310203354044652002e+01 -1.635256070902756420e+01
2.315825971290494323e+01 -1.647917515456251181e+01
2.313608268975772830e+01 -1.642911422665855881e+01
2.311744842288927870e+01 -1.639155312103318352e+01
2.329466081773312069e+01 -1.677907234772066047e+01
2.421473497244934592e+01 -2.482049242964644620e+01
2.412337414473780584e+01 -3.419942338287693673e+01
2.412153227469234906e+01 -4.284749991986080886e+01
2.516349216406664979e+01 -2.798391325714302269e+01
2.349983331147358001e+01 -5.397068339976620166e+01
2.470908205761505272e+01 -3.787270669810316548e+01
2.476401197124642195e+01 -4.268723876440093790e+01
2.476590186333993415e+01 -4.903502824381089198e+01
2.476548802555753070e+01 -4.990451997545302731e+01
2.332777199452815609e+01 -6.304139091472074341e+01
2.457862268907596714e+01 -1.954992767030794454e+01
2.485761571809539916e+01 -2.017278546027786845e+01
2.494114274033464085e+01 -2.033679273305299517e+01
2.450953248034207022e+01 -2.486576461826006934e+01
2.450834698792306554e+01 -1.975244925191161016e+01
2.422380481181907541e+01 -2.075954171677626903e+01
2.417026581754840819e+01 -1.865622511562693120e+01
2.402412164834179009e+01 -1.834036490208108461e+01
2.387758647910732179e+01 -1.802223991365463718e+01
2.373500292669118039e+01 -1.771481312249527562e+01
2.367733537871300342e+01 -1.759085797473343149e+01
2.362584294156006948e+01 -1.748452321197577319e+01
2.358460278806349919e+01 -1.739639682435339196e+01
2.371344898655632960e+01 -1.767841304748993281e+01
2.368473575941908038e+01 -3.841484914580903620e+01
2.483895245790627015e+01 -2.396507159364636763e+01
2.503245950975407652e+01 -2.962916771905004865e+01
2.505010422502814649e+01 -3.911387693091636208e+01
2.446699184112943115e+01 -4.905027766794589894e+01
2.445363624881188969e+01 -5.515279339488536436e+01
2.445304648989539231e+01 -5.521552925065309836e+01
2.543996376169448936e+01 -3.648619865335513879e+01
2.548937155638148155e+01 -4.136684825152082823e+01
2.549430328156473280e+01 -3.050123110880040045e+01
2.384760111334105659e+01 -5.189966998495722805e+01
2.378750440574792435e+01 -4.449103106751901038e+01
2.378386844370984932e+01 -3.526348523391720136e+01
2.440647001665184135e+01 -1.920006757117057816e+01
2.434940387140141027e+01 -1.907961954951644046e+01
2.429322419164880387e+01 -1.895240731658667244e+01
2.416347591933065431e+01 -1.866627210091341382e+01
2.323705270250484034e+01 -3.074871934560245990e+01
2.349241392792674432e+01 -1.735266830348540523e+01
2.361767659598907798e+01 -1.746844910410217011e+01
2.360476291977754926e+01 -1.744106544900038358e+01
2.355519562816846246e+01 -1.733368164737199990e+01
2.354284390005365069e+01 -1.730778506699969910e+01
2.366052347365719655e+01 -1.756307875642273331e+01
2.471255017052337166e+01 -2.272987177726968966e+01
2.414975446479525090e+01 -3.687624210086097065e+01
2.535512471724471695e+01 -2.521853344190664359e+01
2.568871968148171803e+01 -2.803396543709594368e+01
2.395599899378170861e+01 -5.987144769111789344e+01
2.387743736101358749e+01 -6.491701001095933066e+01
2.511872326468732908e+01 -3.588095158233810622e+01
2.517917639274897113e+01 -4.544817101384797553e+01
2.377812378062526122e+01 -7.255631352400611433e+01
2.487232374469805407e+01 -2.596304433763110708e+01
2.422135536519732923e+01 -3.394230113172638852e+01
2.421189997730132504e+01 -3.447200736671388910e+01
2.421172119700820957e+01 -2.916822807054736444e+01
2.421169793173871199e+01 -2.610816260711089498e+01
2.421192905608509705e+01 -2.176307733655372090e+01
2.421172114870605796e+01 -1.945758820896210395e+01
2.322506680429668080e+01 -3.346293607111999791e+01
2.375140738707984056e+01 -1.776522525843245148e+01
2.383262964229879799e+01 -1.794927109182813751e+01
2.382229643253744200e+01 -1.791497173013400968e+01
2.376580195421492547e+01 -1.779510144666954474e+01
2.371922998328428633e+01 -1.768867099471520987e+01
2.371053493933611023e+01 -1.767187894965314499e+01
2.382443585104726935e+01 -1.792143732243100374e+01
2.442941252492408921e+01 -2.943918914778423357e+01
2.444251782130849904e+01 -3.689785915765551749e+01
2.539403271249143046e+01 -2.739180244418795240e+01
2.586630671493794864e+01 -2.902381919876619776e+01
2.593001875482726248e+01 -3.031404199383792175e+01
2.593079673608125191e+01 -3.754334725630368297e+01
2.593101877689063883e+01 -4.063235225143892393e+01
2.438008672294980173e+01 -6.936419635859606103e+01
2.468878990462037137e+01 -5.714790063177464674e+01
2.433114701923872403e+01 -4.719884962450652210e+01
2.522625350090634200e+01 -2.101915595786977420e+01
2.535418101677718994e+01 -2.129789536460459942e+01
2.334261111068427041e+01 -5.517230280471105885e+01
2.445605600976912086e+01 -1.932723223802781121e+01
2.430189818998692886e+01 -2.163385450052904346e+01
2.430017339708788882e+01 -2.318934648294290923e+01
2.421549400615861103e+01 -2.276060516795010358e+01
2.427214145111884136e+01 -1.897483417582709819e+01
2.418815592627617406e+01 -1.880314123031994455e+01
2.418131666529785662e+01 -1.879400549283846189e+01
2.408943876792130112e+01 -1.859963087318740804e+01
2.309662774691398468e+01 -3.217924747562262411e+01
2.370296893724793108e+01 -1.776615687581230674e+01
2.380209580999418151e+01 -1.799261982817002803e+01
2.392115458199411293e+01 -2.459657784657126101e+01
2.392372065862541319e+01 -2.790575364056211782e+01
2.392380328974764936e+01 -3.155435242389308215e+01
2.392367453863105808e+01 -3.398950998250858646e+01
2.449794659337230840e+01 -2.049300281988641714e+01
2.365240630138787381e+01 -3.692108902906220180e+01
2.455317279583624668e+01 -1.960486785851933789e+01
2.367596550225769647e+01 -3.555243046565750120e+01
2.453894815067471669e+01 -1.957731833198113947e+01
2.458332738451544230e+01 -1.968385114829344928e+01
2.319554457081333609e+01 -4.369524199909545104e+01
2.313655570323364330e+01 -3.752200352969084918e+01
2.313509544076635294e+01 -3.126807096012502996e+01
2.313513889977090798e+01 -2.707135179021015858e+01
2.313525023863676111e+01 -2.463532172207769833e+01
2.313536417837678982e+01 -2.240447224235988344e+01
2.337947842806217125e+01 -1.708796616229629350e+01
2.337459551594066554e+01 -1.708352701795245920e+01
2.334041606778604816e+01 -1.701402966968828778e+01
2.327367934568469465e+01 -1.687326762707603933e+01
2.319926165779646254e+01 -1.671921374514569081e+01
2.313577024262853143e+01 -1.658260728272566453e+01
2.308695854740714637e+01 -1.648147171579817893e+01
2.314508808550116470e+01 -1.662046927820321329e+01
2.293648448749591395e+01 -2.223503040145417842e+01
2.302912357361014273e+01 -2.242496691960254296e+01
2.317742314600226550e+01 -2.274380154702817691e+01
2.342101735518705041e+01 -2.246700944572212677e+01
2.389742099196167402e+01 -1.824208147507363620e+01
2.416155820810012500e+01 -1.882137602413714106e+01
2.433924273607540911e+01 -1.921489297013992470e+01
2.449669509016203506e+01 -1.954896545965793209e+01
2.460011325423165829e+01 -1.986649015346190694e+01
2.442924678140121841e+01 -2.274169413095954440e+01
2.331634139982730858e+01 -3.944602472216890732e+01
2.326394026426093120e+01 -3.201206741345797013e+01
2.371896837942254876e+01 -1.785517235995732221e+01
2.362709563690905057e+01 -1.931438398005069601e+01
2.367032295802599506e+01 -1.773659518028332016e+01
2.360717338172781865e+01 -1.759872659451721688e+01
2.317050963076282954e+01 -2.315340482793673260e+01
2.344562161238555831e+01 -1.725239205658691333e+01
2.344562733842314373e+01 -1.725703487674644876e+01
2.339155785344800975e+01 -1.714361267637683994e+01
2.331272493431490034e+01 -1.697931294650528500e+01
2.318664425061268020e+01 -1.802167260191092524e+01
2.322859905273234205e+01 -1.679896159420401602e+01
2.337825678101098603e+01 -1.712926036214645009e+01
2.429143754107603925e+01 -2.470491018817678253e+01
2.478638299902031861e+01 -2.630163757897323507e+01
2.532931228796007161e+01 -2.748723322298137361e+01
2.394247722542385048e+01 -5.336596525217373710e+01
2.519818863970507650e+01 -2.636792574345620110e+01
2.436511027854135847e+01 -4.889114923165282534e+01
2.433979266049425050e+01 -5.816521770244132483e+01
2.500214457220617348e+01 -4.388002176517968422e+01
2.410824025483427846e+01 -6.293834227802433645e+01
2.407141737484706923e+01 -4.720267024075501183e+01
2.407059376372810533e+01 -3.778609033806164774e+01
2.483664349495193946e+01 -2.023225943861765685e+01
2.484198087746264960e+01 -2.026351407972106600e+01
2.484602102987450678e+01 -2.026320248485515307e+01
2.464600111634373647e+01 -1.982894908207775586e+01
2.449083910013596110e+01 -1.950346246299296027e+01
2.437065814471839076e+01 -1.922691908302612163e+01
2.425574551220532982e+01 -1.896939937040277613e+01
2.323530893251105311e+01 -3.339344437243928354e+01
2.381996868771889808e+01 -1.802255251899095967e+01
2.397739919053451985e+01 -1.837325057696977382e+01
2.393916983951294597e+01 -1.828499761411138991e+01
2.394204246462944141e+01 -1.829328834079495181e+01
2.406987530133898900e+01 -1.857887181679253530e+01
2.423581518873341878e+01 -3.707368032128650270e+01
2.424092759419373877e+01 -4.449403433359221793e+01
2.424092463447998469e+01 -4.905588359648731256e+01
2.424093060919014420e+01 -5.260072599587194020e+01
2.525276714434746239e+01 -3.073227938142727922e+01
2.534214730949742389e+01 -4.119735065749032543e+01
2.534494358870377084e+01 -4.685508325957525244e+01
2.394257487184076183e+01 -7.418076920972066546e+01
2.453856045979150124e+01 -5.505884196306828926e+01
2.351145278506391989e+01 -5.890614865898687214e+01
2.348167262859989179e+01 -4.814830669126221352e+01
2.347162682802201772e+01 -4.128625847817696126e+01
2.347155393306096727e+01 -3.680326145651484637e+01
2.347173852646035996e+01 -3.278937822414556535e+01
2.404180205552883720e+01 -1.851017565253842179e+01
2.411992435020576053e+01 -1.868939800261152584e+01
2.312113287203489875e+01 -3.500863744135671851e+01
2.377069645391529562e+01 -1.792798104860443686e+01
2.386177068733390882e+01 -1.812783568055964167e+01
2.397979705173181131e+01 -1.838671397577582667e+01
2.397467661678637185e+01 -1.837647165040504760e+01
2.393977010761065927e+01 -1.830050741218995825e+01
2.390175612667110983e+01 -1.822455794976779941e+01
2.379562440789771927e+01 -2.192486417127029696e+01
2.477326754142719878e+01 -2.571933732787717020e+01
2.407158384367151172e+01 -4.334446898214710586e+01
2.489519963491935428e+01 -3.338182248633377469e+01
2.491566831076261934e+01 -3.876388721247922575e+01
2.337201591025821656e+01 -6.648824012928123750e+01
2.326310933387512847e+01 -6.923056975869289431e+01
2.456612829390176600e+01 -3.812708285869908309e+01
2.327827092416526966e+01 -6.726920203247860286e+01
2.314922656011617974e+01 -7.192009134484901267e+01
2.312521179468432919e+01 -5.151984462654673536e+01
2.312462760849876986e+01 -4.237387002394879687e+01
2.416044878896321180e+01 -1.877365495867664791e+01
2.345671026155550010e+01 -3.195352639837091147e+01
2.411697264918557337e+01 -1.867085616887800725e+01
2.376700768802184527e+01 -2.308169343130811768e+01
2.376004163212469678e+01 -2.244161816575918422e+01
2.386017288869686226e+01 -1.811481607904619295e+01
2.385120805774729646e+01 -1.809529963149301324e+01
2.323707593753805156e+01 -2.729288675797705110e+01
2.366878274525505077e+01 -1.770248907727177468e+01
2.377506029706806601e+01 -1.793945426810625676e+01
2.303786202868806754e+01 -2.855927963326973185e+01
2.350178334582130546e+01 -1.734432999822770327e+01
2.370113959424929106e+01 -1.787402040264429814e+01
2.489248205947974668e+01 -2.039710411773226184e+01
2.546374482052148736e+01 -2.166607932303478279e+01
2.573530869697751200e+01 -2.679191955655241841e+01
2.576598122420060122e+01 -3.206737967072464102e+01
2.339187233266994070e+01 -6.961242318725092559e+01
2.323464391431325282e+01 -7.171132683413691211e+01
2.513344782758515805e+01 -2.630174092502796768e+01
2.413384305932157403e+01 -4.568947076652406736e+01
2.565887808746385090e+01 -2.434357061520901766e+01
2.387361407700043259e+01 -3.584243419418375964e+01
2.382376514521178734e+01 -4.002410292980007256e+01
2.382294771349689100e+01 -3.290441747152340923e+01
2.436466106409963928e+01 -1.931031535510935981e+01
2.438866750385249915e+01 -1.936878048092901139e+01
2.432324184252667010e+01 -1.922667724039274972e+01
2.422687586242452085e+01 -1.901366781329732447e+01
2.409851573485926579e+01 -1.873211247890248288e+01
2.337644213496484369e+01 -2.772288825168459780e+01
2.335079493680591156e+01 -2.337530759374814693e+01
2.334904581091364761e+01 -2.135675275558549302e+01
2.334899811218629040e+01 -1.951389982391442146e+01
2.334899986337205746e+01 -1.858534463859409769e+01
2.342638645285790133e+01 -1.725734264457202372e+01
2.352960517434729582e+01 -1.748243444532700863e+01
2.420788012975192416e+01 -2.755885646716939874e+01
2.468035856100810932e+01 -2.834741525686575159e+01
2.334774339978719837e+01 -5.589268171915681904e+01
2.495848550035994151e+01 -2.621215193776236063e+01
2.510111559177260787e+01 -2.884191350719596869e+01
2.510364318155070151e+01 -4.286478129330257048e+01
2.510413224463346893e+01 -4.455525918390948448e+01
2.431984284027062415e+01 -6.079054156515713458e+01
2.428977413617543135e+01 -6.011750756305792009e+01
2.512827196831200993e+01 -2.598427557886306616e+01
2.317143639708876535e+01 -5.286568479581487168e+01
2.306932030688503232e+01 -4.948435762962127882e+01
2.305933929781069835e+01 -3.929940195134189906e+01
2.305909082801057863e+01 -3.506087013712658518e+01
2.305894441044748788e+01 -3.047751283776933562e+01
2.361294377360012930e+01 -1.763612466410506130e+01
2.335619352426589046e+01 -2.220732638471558928e+01
2.351469963379257777e+01 -1.742015287352624497e+01
2.348632958960760675e+01 -1.737431510963147474e+01
2.350198520286139114e+01 -1.739746722088534270e+01
2.345751094618227839e+01 -1.730405043978841917e+01
2.339867658757076185e+01 -1.717271829556001705e+01
2.344889583015212509e+01 -1.728397395331160880e+01
2.331401097231071873e+01 -1.984380048614579195e+01
2.370698343157655330e+01 -1.785063439540973462e+01
2.349772002518067282e+01 -2.404912110295611782e+01
2.400662483377103840e+01 -1.849796042676160823e+01
2.420644025328769189e+01 -1.893657173296372065e+01
2.418532231229264085e+01 -2.080609123139880978e+01
2.411228658629815413e+01 -2.533791895337562039e+01
2.410772881172880489e+01 -2.703535122166070082e+01
2.454193858953361129e+01 -2.035940083151218616e+01
2.332633118711801146e+01 -4.122905514011441142e+01
2.328484326510480784e+01 -3.752417781588705026e+01
2.396178567877496590e+01 -1.832410903723900830e+01
2.400528247029953022e+01 -1.842712472112051358e+01
2.401840529328160656e+01 -1.845056195369274832e+01
2.383255319552907991e+01 -2.034879819157218606e+01
2.383399986806918136e+01 -1.848850192522322544e+01
2.379593992450176287e+01 -1.797827172462849887e+01
2.379244668074657909e+01 -1.797245652699066909e+01
2.377444495858090079e+01 -1.793701154587374802e+01
2.373736099426781720e+01 -1.786040416941107267e+01
2.367342073988409012e+01 -1.773116172205793362e+01
2.359778435423190501e+01 -1.757815878418353250e+01
2.351870741310496271e+01 -1.741698608798752801e+01
2.347178063972644679e+01 -1.731062069469698272e+01
2.352336538018184342e+01 -1.742632609597026061e+01
2.365379755799797579e+01 -1.771243500940216364e+01
2.360384577667881345e+01 -2.169445383399029481e+01
2.366884376749149865e+01 -2.381406425335665134e+01
2.383492001486560241e+01 -2.415775889816790922e+01
2.317043264144322023e+01 -3.751719661079036428e+01
2.314931538427608970e+01 -3.642967810128916994e+01
2.405156670634848126e+01 -1.886115479738438339e+01
2.418462517455234106e+01 -2.251577726777067312e+01
2.421096299781617134e+01 -2.467881341185879762e+01
2.418431779534614989e+01 -2.485704147830999844e+01
2.336262842854226918e+01 -3.842429155144477448e+01
2.407828321103990632e+01 -1.854071106289580939e+01
2.409246252454989801e+01 -1.859233282471276993e+01
2.325299511124739738e+01 -3.105206434628058432e+01
2.323184480840577137e+01 -2.642567971627464374e+01
2.351170035469239394e+01 -1.734387927179782096e+01
2.351837866473841032e+01 -1.737280598489660832e+01
2.355903296476276410e+01 -1.746944158939005831e+01
2.355349960006760668e+01 -1.747106608565492181e+01
2.314576548762103414e+01 -2.276413419005056582e+01
2.311356572062419090e+01 -2.136035472818655379e+01
2.328202723090127790e+01 -1.694316614940976962e+01
2.335142647537232818e+01 -1.705348755660234872e+01
2.349896195491488626e+01 -1.737176505721580355e+01
2.409124639568723225e+01 -2.992571723008690654e+01
2.409965802287475967e+01 -3.857002108151606734e+01
2.515769771726146686e+01 -2.464698009120257538e+01
2.528596544432905802e+01 -3.006845916046816924e+01
2.530205482455262711e+01 -3.432148729845737023e+01
2.530181198603635195e+01 -4.211670475811824588e+01
2.530208004191306514e+01 -4.441135353783300843e+01
2.366577419456049824e+01 -7.606129504710592926e+01
2.347268870570978549e+01 -7.327023810740723775e+01
2.443226384281356900e+01 -3.162313123157833061e+01
2.343132749731885767e+01 -4.625679897680540620e+01
2.454399290456617422e+01 -1.960689663543903194e+01
2.446733132798176769e+01 -2.217875969289524818e+01
2.446587453549453173e+01 -2.308802467962735605e+01
2.444913396724250276e+01 -1.939971021353164105e+01
2.417246506382985416e+01 -2.184605365905142804e+01
2.371614101917280237e+01 -2.709659341374329244e+01
2.398527329779334138e+01 -1.838685995067752188e+01
2.372474355290626136e+01 -2.190542380254641230e+01
2.390503650970148541e+01 -1.821407401437216222e+01
2.387091496682492675e+01 -1.813991077742514335e+01
2.381840617282646733e+01 -1.802203607714848843e+01
2.321034917196680070e+01 -2.645702191149710814e+01
2.375985319585955935e+01 -1.790059242930228933e+01
2.417690266274903266e+01 -3.393509823754176580e+01
2.450611038697253719e+01 -3.762258647823709623e+01
2.318005222300169166e+01 -6.638580042805600101e+01
2.497678824647151430e+01 -2.664454064163940927e+01
2.452150007567221124e+01 -3.649723517770688375e+01
2.529748892419929618e+01 -3.968731469363982001e+01
2.448446309252651076e+01 -5.641018040003942247e+01
2.480121429940828293e+01 -5.107816781836093867e+01
2.366142555611562770e+01 -7.222137495008853136e+01
2.354696399801148843e+01 -5.542671752829933496e+01
2.354455291445674447e+01 -4.279171813577225691e+01
2.442349976882463380e+01 -2.249265935395902360e+01
2.413360443177694847e+01 -2.849696665590516176e+01
2.412883353452344792e+01 -2.702093237127825276e+01
2.433786099388141011e+01 -1.913615744075670477e+01
2.428739453684369209e+01 -1.902097354731055745e+01
2.416713187527937023e+01 -1.935397613584705567e+01
2.412611542921169772e+01 -1.867070258626175061e+01
2.350874253778705025e+01 -2.733921469410413962e+01
2.391175077761732481e+01 -1.820532870134102410e+01
2.364021747756521563e+01 -2.177785161995946694e+01
2.362948347573205155e+01 -2.186947050734956122e+01
2.362905538950682782e+01 -2.071685626034967243e+01
2.362918122431055679e+01 -2.283898676844124864e+01
2.467818693720730394e+01 -2.666710920465730439e+01
2.482835706197463921e+01 -3.336189794269761677e+01
2.384627242017139537e+01 -5.862390875187992378e+01
2.506945475007403701e+01 -3.321123843131053377e+01
2.514784129351266273e+01 -3.555005709333136821e+01
2.515100977723890807e+01 -4.729760385196744465e+01
2.382040025604298705e+01 -7.396901891229968840e+01
2.569861872773258682e+01 -2.646083368769745547e+01
2.593359473997280773e+01 -3.312860299402488806e+01
2.593714072827505035e+01 -2.993174372787340687e+01
2.566451439335061124e+01 -2.736377878600368874e+01
2.568006934561978838e+01 -2.356056540009956990e+01
2.367028787160048964e+01 -5.155164304460052449e+01
2.465109859377220047e+01 -1.985222598093967505e+01
2.462070550456645179e+01 -1.978729315014089707e+01
2.308212435390803208e+01 -4.626333353777578594e+01
2.399278933955494253e+01 -1.839985900559728194e+01
2.407506226838969710e+01 -1.857234191639637544e+01
2.416260792784564160e+01 -1.876033945853633256e+01
2.417865742533746598e+01 -1.879663549732713079e+01
2.412928762072665734e+01 -1.867297547613488717e+01
2.410142653935201196e+01 -1.861126040537687487e+01
2.409964862527786167e+01 -1.860419991923410166e+01
2.365809246147448164e+01 -2.718402644299286308e+01
2.482818566136661431e+01 -2.627709529424690871e+01
2.537437862660796739e+01 -2.749871900838614280e+01
2.565306884644492769e+01 -3.226919265155110850e+01
2.565729582304310341e+01 -3.782979921129636836e+01
2.362160783149296606e+01 -7.349880560206551650e+01
2.359159913573638789e+01 -7.330179145157698883e+01
2.340534517598243269e+01 -7.097008323207731451e+01
2.519407387498856465e+01 -3.206599250125660205e+01
2.534089928708786843e+01 -3.977986513158491277e+01
2.534536348180295917e+01 -3.295238346824724829e+01
2.364209855847476049e+01 -5.555289684014190499e+01
2.355199279391953127e+01 -4.769549407320396028e+01
2.447646409973092929e+01 -1.949093148803924080e+01
2.422433201347641329e+01 -2.570123989202446069e+01
2.447519696645823828e+01 -1.951374369079064408e+01
2.441646196397471869e+01 -1.939202254845907802e+01
2.308772812128896845e+01 -3.967901514416460174e+01
2.379387253412747683e+01 -1.876332267187478564e+01
2.389813327226246287e+01 -1.825116483024260106e+01
2.377487175189195057e+01 -2.224277098471438308e+01
2.377037986700054617e+01 -2.098902970181132588e+01
2.377004864684744945e+01 -2.013192495494661927e+01
2.377011062389867746e+01 -1.963833966117548613e+01
2.376997446007943182e+01 -2.208970522605458697e+01
2.476232286660739845e+01 -2.625985578634767492e+01
2.548604494367320683e+01 -2.399623501496996880e+01
2.563867389511488781e+01 -2.975879419814677362e+01
2.427175764892896481e+01 -5.895621000374055143e+01
2.518527046678577008e+01 -3.511024170937916011e+01
2.522405665717766254e+01 -4.306430431843366335e+01
2.522428553268106555e+01 -4.842659990285837068e+01
2.450904624383410990e+01 -6.297783561991719381e+01
2.571811703390173065e+01 -3.490679731462151381e+01
2.579550214622383919e+01 -2.601659496581196862e+01
2.554524741771166418e+01 -2.793642573068251878e+01
2.370985251278660755e+01 -5.636996175872752701e+01
2.458102624997343710e+01 -2.401972721307680914e+01
2.466249249230164864e+01 -2.644017744500141376e+01
2.466202757668644807e+01 -2.193639649447596085e+01
2.348283531081118625e+01 -3.927170763602050840e+01
2.416854460067827048e+01 -1.886325290228778329e+01
2.384555735828465117e+01 -2.209544168203096959e+01
2.408797576101262550e+01 -1.870318007350318368e+01
2.412624196858026338e+01 -1.879373175172976573e+01
2.369999403686334460e+01 -2.389167782967928488e+01
2.386186089348943185e+01 -1.820951332000722900e+01
2.394017025776489405e+01 -1.838156249919387975e+01
2.401463987536439859e+01 -1.855090265647737269e+01
2.404001268517914269e+01 -2.466843081726134201e+01
2.309601459874918561e+01 -4.297454556823948479e+01
2.406878996112086355e+01 -2.380831434921264744e+01
2.444410002253725622e+01 -2.373602202784207904e+01
2.448862142579396561e+01 -2.338416036764390427e+01
2.448989455434506013e+01 -2.530688829328671829e+01
2.465740751105463957e+01 -2.358326125076610680e+01
2.428435379214680268e+01 -3.177692660125496005e+01
2.427733308129239731e+01 -3.138268360312337180e+01
2.427786863461070510e+01 -2.747690326002850725e+01
2.448100504283218370e+01 -2.304969691720171809e+01
2.330316524953935087e+01 -4.212085070546584120e+01
2.410918322771662758e+01 -1.887724510184142446e+01
2.361243026344212126e+01 -2.615545538721342922e+01
2.360324239646180189e+01 -2.653208517641397890e+01
2.360319073031890014e+01 -2.341410159019951820e+01
2.384395210835020862e+01 -1.813124377659940123e+01
2.360946367677762581e+01 -2.196390643023183031e+01
2.360339589025318219e+01 -2.090432354249520586e+01
2.369611793309705305e+01 -1.784171788047807183e+01
2.366084422856055269e+01 -1.776624860730268196e+01
2.360163526672640799e+01 -1.763814737336763727e+01
2.354331838630081819e+01 -1.751135870358983126e+01
2.356454574435146299e+01 -1.756015275423448330e+01
2.334863662864371747e+01 -2.314984403282739933e+01
2.345984192357901676e+01 -2.317384803418760697e+01
2.361103638033651464e+01 -2.323397894300916988e+01
2.389903934971399835e+01 -2.099778544107448397e+01
2.391766947217064399e+01 -2.465417568845403906e+01
2.438176224773712164e+01 -1.932713996824216096e+01
2.340943185333312826e+01 -3.790979009014792922e+01
2.335888140453255701e+01 -3.831256426447328067e+01
2.335725176529680169e+01 -3.478779300869804558e+01
2.390421907436980220e+01 -2.357045459685806676e+01
2.399738285990623154e+01 -2.217858764342848943e+01
2.412587780524528824e+01 -1.872262519367021483e+01
2.405224708331168060e+01 -1.855705016771131710e+01
2.396956425055176609e+01 -1.836480163539173560e+01
2.388313790852550511e+01 -1.817717023327532999e+01
2.380101771002305000e+01 -1.801472120085751172e+01
2.360786595808512089e+01 -2.017744326637762597e+01
2.372083447839092685e+01 -1.786574353435354823e+01
2.307797393521609308e+01 -2.626196297511760491e+01
2.301847149283223715e+01 -2.438627971147614204e+01
2.327771778252248680e+01 -1.701356875577441841e+01
2.325720016251841571e+01 -1.781053364323083343e+01
2.325604616915476797e+01 -1.819405043215295947e+01
2.325594104165615050e+01 -2.107440186583019326e+01
2.325401431679782860e+01 -4.214940362824388131e+01
2.442528223616089278e+01 -2.681636793325372636e+01
2.432048962892860899e+01 -3.701679339420740433e+01
2.431835509517250671e+01 -4.716988766660696086e+01
2.431779571958002606e+01 -4.452201303230503981e+01
2.431783709760530598e+01 -5.128563102603160928e+01
2.541768031571232811e+01 -3.260866278836468268e+01
2.373575975489230672e+01 -6.445228508398867007e+01
2.388388896404502049e+01 -6.364712665251655466e+01
2.335566749082978788e+01 -5.379005435534849511e+01
2.333260562882444944e+01 -4.090765979456218560e+01
2.416070983882685752e+01 -1.884765756383043822e+01
2.315840465930620340e+01 -3.442803006814850164e+01
2.388620778071074113e+01 -1.824013865850853122e+01
2.391527764718514959e+01 -1.830523906114934363e+01
2.391635657076146160e+01 -1.831076425158849119e+01
2.385262988350780944e+01 -1.817465514276587868e+01
2.377927902918519010e+01 -1.801946460480465717e+01
2.372697444984676807e+01 -1.790728838921755539e+01
2.356728074497008762e+01 -1.961277623901009548e+01
2.356344682723957007e+01 -1.755263307089220604e+01
2.354272383250305722e+01 -1.750985173097430803e+01
2.352386800703374448e+01 -1.747169880379808049e+01
2.364381666222399758e+01 -1.773628811354496904e+01
2.312470925866870530e+01 -4.623824308914935699e+01
2.309380427584595097e+01 -5.239383747465259233e+01
2.309208896112235010e+01 -5.506996615539510032e+01
2.309348289909381791e+01 -5.823836279966788965e+01
2.310172360825259119e+01 -5.479120582841573395e+01
2.309510327285205022e+01 -6.148753971923767381e+01
2.309887760887217212e+01 -6.278103262049528155e+01
2.506421183621228366e+01 -2.285838261872404686e+01
2.373966864285564426e+01 -4.346015652564946663e+01
2.467333086875511228e+01 -2.493928407326013641e+01
2.307921259384539070e+01 -4.561673480056258967e+01
2.424304491018628127e+01 -1.897436327714090254e+01
2.346028030769676320e+01 -3.036599451691203555e+01
2.342750685170924996e+01 -3.049058887736641310e+01
2.342502176341260878e+01 -2.558872558333598590e+01
2.371328420736259091e+01 -1.785422399356853163e+01
2.369205978976058091e+01 -1.780907811767602311e+01
2.365911976068896294e+01 -1.773803407366055751e+01
2.364110582867244759e+01 -1.769448297001759940e+01
2.361994213497047923e+01 -1.764671637727385800e+01
2.356056792012366330e+01 -1.751548696256624638e+01
2.350699058067236535e+01 -1.739840725341693428e+01
2.347853034483050294e+01 -1.733657287127670799e+01
2.328825574735184034e+01 -2.237682801802986887e+01
2.467745449246313072e+01 -2.025301509218362384e+01
2.323503975969885360e+01 -3.676189843142505964e+01
2.465981330031885932e+01 -2.942643427641558418e+01
2.324793490159561316e+01 -5.638681645097809536e+01
2.482366815580986952e+01 -2.634041378273927947e+01
2.385175802971381742e+01 -5.213153813005472159e+01
2.515576010827832221e+01 -3.552246019520741527e+01
2.386426730943108865e+01 -6.107424049320706416e+01
2.522663446073372739e+01 -3.566492487448914517e+01
2.527769704329069000e+01 -2.825447932565844056e+01
2.528008701058148944e+01 -2.497798239264265874e+01
2.364399203205277900e+01 -4.912015900127843082e+01
2.459447627302525419e+01 -1.967830957681843884e+01
2.437654798781361976e+01 -2.716330333304838973e+01
2.431058407335697780e+01 -2.333462547804855092e+01
2.430950381043437147e+01 -1.964199581410680651e+01
2.411228362285514848e+01 -2.039697588990696175e+01
2.325990959067937425e+01 -3.199007064812877488e+01
2.320736401669640969e+01 -2.791813056031704932e+01
2.362467970064043143e+01 -1.753777182798821244e+01
2.369700952235018221e+01 -1.769467273033757948e+01
2.366752383621285460e+01 -1.762761222472948930e+01
2.364208991752911260e+01 -1.757707353695763075e+01
2.375298450001107042e+01 -1.782079444969959070e+01
2.483752097788441304e+01 -2.260772496567200207e+01
2.373348512122347742e+01 -4.271443611786249761e+01
2.370518481169376912e+01 -5.569881835651808899e+01
2.370423841840751678e+01 -5.570818525767817420e+01
2.526857946299653079e+01 -2.290992218514837120e+01
2.324688063021841700e+01 -6.128825627726433822e+01
2.320734843281264759e+01 -7.350455930233250967e+01
2.514253268049888490e+01 -2.647282131459012078e+01
2.332991229283967982e+01 -5.675781817138668117e+01
2.475857473451788948e+01 -2.135326404344150930e+01
2.362053946701755081e+01 -3.391808805731046306e+01
2.353816604772889676e+01 -4.008807095504285911e+01
2.353592885871939799e+01 -3.269825320328110507e+01
2.411711289167434202e+01 -1.860512008162952213e+01
2.402988036986414855e+01 -1.990256286687766973e+01
2.402799724819454497e+01 -1.925670794442192602e+01
2.397231966503973055e+01 -1.830268038536468467e+01
2.389403032473828858e+01 -1.813507697564820376e+01
2.385487648262130733e+01 -1.805515886105638046e+01
2.382697576322314248e+01 -1.799650820366249704e+01
2.374992468320017736e+01 -1.783261449822183309e+01
2.368657614693864844e+01 -1.769673989643059642e+01
2.365539552987712923e+01 -1.763010443894372159e+01
2.377073990617351029e+01 -1.788154984366030931e+01
2.363894978656635715e+01 -4.072121966372794333e+01
2.363459548493662865e+01 -4.774383372162288453e+01
2.363442816950356118e+01 -5.153860383656730448e+01
2.363391547257417358e+01 -5.573102321494375389e+01
2.363405612641572873e+01 -5.393050112081129299e+01
2.363424793924953349e+01 -6.060505004354012470e+01
2.363385525636600804e+01 -6.117635494829809062e+01
2.464447699365406663e+01 -4.097004825532497563e+01
2.465771316986737816e+01 -4.719761789071736047e+01
2.408543870748214744e+01 -4.784460901255535958e+01
2.469111198739948421e+01 -2.485642400711331135e+01
2.478946837036224693e+01 -2.304855199652942233e+01
2.344702287784169314e+01 -4.426741865205038096e+01
2.338802296064616115e+01 -3.793141500446535730e+01
2.403367697408257087e+01 -1.843585172606272238e+01
2.407392160389108682e+01 -1.852820520167728802e+01
2.402887337959385050e+01 -1.898749090635251946e+01
2.391041610508109017e+01 -1.814269049239792153e+01
2.380295427093620475e+01 -1.790185192988215590e+01
2.376307478377930238e+01 -1.780984457676600385e+01
2.371160426951015054e+01 -1.769927575864373637e+01
2.309424424032532741e+01 -2.525407430630624006e+01
2.338441544967118091e+01 -1.703675857174339114e+01
2.360036499354340123e+01 -1.741956230407396689e+01
2.360386845670300815e+01 -2.365215407755835031e+01
2.383250819087631811e+01 -2.402437309800845000e+01
2.368348293699262541e+01 -3.160421978818958522e+01
2.367782739490985477e+01 -3.466854175648180814e+01
2.367759015247701981e+01 -3.158831627742481629e+01
2.367760299789132716e+01 -3.190570332436332990e+01
2.367789659429999816e+01 -3.270828633740194391e+01
2.367799738685975086e+01 -3.389005239705566908e+01
2.367803955258947823e+01 -3.334366742487544855e+01
2.367798488330821982e+01 -3.145351895681638865e+01
2.367803007163232820e+01 -2.953839474321577896e+01
2.417636807206945093e+01 -1.872663450647287675e+01
2.369436650444321657e+01 -2.647724672634769050e+01
2.368508204358701263e+01 -2.320142030712903392e+01
2.384388554055473719e+01 -1.800880026517510402e+01
2.380695955050440915e+01 -1.791754966794320225e+01
2.376397398300825969e+01 -1.782643453634769770e+01
2.306253106311335088e+01 -2.719543879962029109e+01
2.342715119894265996e+01 -1.708936133502415089e+01
2.340649818663078463e+01 -1.704324741383416963e+01
2.336470617281248963e+01 -1.695371485031310499e+01
2.329209569980553240e+01 -1.679484594790224961e+01
2.320763682640905046e+01 -1.662376320716474254e+01
2.321572142109996761e+01 -1.655949496173352387e+01
2.298426502789154569e+01 -2.218754383358353266e+01
2.334803162335550297e+01 -1.800986616482248337e+01
2.353539008191743420e+01 -1.956106325365276888e+01
2.388348030617823525e+01 -1.843065790237859147e+01
2.416163638848199824e+01 -1.889421980013003122e+01
2.419255309789208752e+01 -2.154767592961529488e+01
2.447698386666345982e+01 -1.938128030118893719e+01
2.382678468068886346e+01 -3.263993731262821996e+01
2.421151757476260968e+01 -2.482060153457775797e+01
2.374974315538694825e+01 -3.257975229434068609e+01
2.374012386156617183e+01 -3.079600360527415503e+01
2.420861496548377190e+01 -2.021133932452734072e+01
2.425928622255401024e+01 -1.888804078600485070e+01
2.385376301371296037e+01 -2.389586327624520123e+01
2.384912442395010856e+01 -2.072609202314335874e+01
2.384904391790189848e+01 -1.858116631049635714e+01
2.307140416130934213e+01 -3.006234762214320000e+01
2.362934011023856939e+01 -1.754239641700070607e+01
2.366499867272954916e+01 -1.795371452301479920e+01
2.366720418649241608e+01 -1.889619439625085917e+01
2.369217709938719096e+01 -1.770055865888040714e+01
2.369065828362628423e+01 -1.770495401228833288e+01
2.370267960570862797e+01 -1.776020489421630444e+01
2.378851182173003664e+01 -1.793435409045038398e+01
2.365843334243539786e+01 -3.925877995078449345e+01
2.504078767763435209e+01 -2.069961926970898247e+01
2.375609254493895151e+01 -3.637857804465073741e+01
2.369405219348957559e+01 -5.965251218609778050e+01
2.369253835296903077e+01 -5.248033730669447294e+01
2.369237595101432703e+01 -5.828178121875709650e+01
2.531394383478555099e+01 -2.649522840514113398e+01
2.549186062305939160e+01 -3.274806198592010276e+01
2.549551440236069766e+01 -4.199699447301388489e+01
2.390381306219980218e+01 -5.779504857536333873e+01
2.378693600814071019e+01 -4.446725189558980418e+01
2.377401659365796149e+01 -3.679630690219053690e+01
2.448518128278694306e+01 -1.953005862240731361e+01
2.447228747771756474e+01 -2.358751571325660379e+01
2.456838583608589133e+01 -1.971568436037522787e+01
2.380657216410079613e+01 -3.015426305151490283e+01
2.384872983911322564e+01 -2.547475691289596256e+01
2.376428259208928750e+01 -2.377085361007722142e+01
2.403200554173904990e+01 -1.857807665594252100e+01
2.322523907953620892e+01 -3.083245839551733170e+01
2.319100532843739870e+01 -2.827512344343106321e+01
2.364606224691123160e+01 -1.773429604815265037e+01
2.379110079473314343e+01 -1.805880646214453122e+01
2.387866008780708782e+01 -1.825017691492088545e+01
2.500477473687934094e+01 -2.073383681592424210e+01
2.549213225638554192e+01 -2.181923543670581722e+01
2.577544581498046838e+01 -2.656246316972823962e+01
2.578620074854784150e+01 -3.225847276030985711e+01
2.383427179226375259e+01 -6.369070838077927732e+01
2.367913623333814499e+01 -6.805286910897619634e+01
2.562777756743867741e+01 -2.315132778611101116e+01
2.584221867412447438e+01 -3.061861682901260906e+01
2.585942921046351017e+01 -4.206519002806191310e+01
2.415041504694210062e+01 -5.891271308399852558e+01
2.403971615159161956e+01 -4.511907058238236345e+01
2.492407198006094760e+01 -2.050169743010345513e+01
2.418044827089082105e+01 -3.198742722250016968e+01
2.454542644765625781e+01 -2.264402395027627790e+01
2.384841511141341286e+01 -3.039422837239803243e+01
2.382250220934928109e+01 -2.689342025466259400e+01
2.376424762442131211e+01 -2.366170693752538412e+01
2.395578130509829862e+01 -1.841356937531870130e+01
2.325962930463723666e+01 -2.937917744329596204e+01
2.369477536669796081e+01 -1.784026687088930174e+01
2.369089406442596513e+01 -1.950044853388438426e+01
2.369882376785900746e+01 -1.784835859057910668e+01
2.370073386687340644e+01 -1.785762216031539040e+01
2.381237095659127334e+01 -1.810568441581244414e+01
2.503087403121386956e+01 -2.079499800557934819e+01
2.515987321240898567e+01 -2.705742519491446885e+01
2.395944881127385173e+01 -5.685338321654781879e+01
2.515236660086511122e+01 -3.267549275078548732e+01
2.390308266638308865e+01 -5.390214236764821720e+01
2.385886366544974635e+01 -6.312244857913772478e+01
2.386886180355422837e+01 -6.067638436394679502e+01
2.490507775806378987e+01 -4.057222567902528709e+01
2.495103784383856649e+01 -4.585851800393680833e+01
2.404160525214917143e+01 -5.305878767206558422e+01
2.492806496236726588e+01 -2.064863444747884103e+01
2.501039123146869159e+01 -2.176488960866486622e+01
2.503280227172311001e+01 -2.193175679309962334e+01
2.315788818537069460e+01 -4.927585480290691322e+01
2.308029118314114925e+01 -3.956302505186910423e+01
2.307801012045326772e+01 -3.264197348805801369e+01
2.365717213986169298e+01 -1.774819098755146385e+01
2.372193196096131729e+01 -1.789656361812460261e+01
2.384021509337048883e+01 -1.816104885514166511e+01
2.384906641185254017e+01 -1.817911603078006877e+01
2.379645372837705253e+01 -1.807688922615286131e+01
2.375347520633385656e+01 -1.797323925066337225e+01
2.374925965938903261e+01 -1.796303220681529567e+01
2.318336552244906557e+01 -2.755516814508096957e+01
2.312804735695544878e+01 -4.740143997194559944e+01
2.312640275016851277e+01 -5.002277647297582774e+01
2.312617898500096913e+01 -5.360878319560230665e+01
2.313157361875815354e+01 -5.666771827642874371e+01
2.456554917186796771e+01 -2.568143874976024676e+01
2.564574814577332873e+01 -2.578394623268264496e+01
2.582020871043172860e+01 -3.379704608990017789e+01
2.582531170555554922e+01 -3.905236207772265544e+01
2.582562601299652272e+01 -4.102467313001116622e+01
2.437668827095103907e+01 -5.385468092366057391e+01
2.433162470568304059e+01 -3.786220521652453641e+01
2.431732269130894508e+01 -2.973203818965757605e+01
2.456195708624789376e+01 -2.069416064326835780e+01
2.347277989488489780e+01 -3.648240516532042932e+01
2.342055373784906891e+01 -3.114474925570936037e+01
2.389275996675846159e+01 -1.827877770323724960e+01
2.311122931670852054e+01 -2.978984830868820310e+01
2.360486650091942451e+01 -1.764532715437102794e+01
2.373600964645839184e+01 -1.792974445326862920e+01
2.376640167196635645e+01 -1.799685732463108323e+01
2.316532482049369790e+01 -2.639020910509883677e+01
2.311204569289384025e+01 -2.523163815999118142e+01
2.310823701413501752e+01 -2.276248646743328763e+01
2.310786508217166357e+01 -2.388957268796080413e+01
2.310745180744325111e+01 -4.434488199762834171e+01
2.310735228078960901e+01 -5.057142082548465822e+01
2.459920213430341107e+01 -2.602819400189965293e+01
2.408228568322792995e+01 -4.185796821596015604e+01
2.406782942338062270e+01 -4.868076768146204358e+01
2.406827010851632664e+01 -5.438311682497903377e+01
2.467579190744938700e+01 -4.444497476430664307e+01
2.472695372506854028e+01 -4.689862100596887018e+01
2.472993299736276995e+01 -4.980078155989193078e+01
2.473024288601401466e+01 -3.574874672043075918e+01
2.473089926661224780e+01 -2.833492029988194361e+01
2.473081115769480576e+01 -2.688561654838206394e+01
2.400732239932553114e+01 -3.604088272697811135e+01
2.455129917543099793e+01 -1.970845296874327701e+01
2.449294096763726714e+01 -1.958346343767007980e+01
2.444561683912355932e+01 -1.948748474819562304e+01
2.433269580138721366e+01 -1.923971683289304835e+01
2.363957058213054552e+01 -2.734023057302161064e+01
2.360350092587723125e+01 -2.507277309643102470e+01
2.360303231033635996e+01 -2.200936608022840701e+01
2.360301628155271203e+01 -1.991420883114029294e+01
2.364509105450956739e+01 -1.773329385522757917e+01
2.348587917267612113e+01 -2.218392667044093258e+01
2.345895496970500815e+01 -2.218538074682401984e+01
2.345771677044620418e+01 -2.823985507018388219e+01
2.386194936449932058e+01 -2.426785787697840746e+01
2.327278226884090273e+01 -3.779652628891495425e+01
2.408493519594723864e+01 -2.473694584664363560e+01
2.316068534571815007e+01 -3.896501712744733226e+01
2.427651425012901143e+01 -1.906884201862524009e+01
2.465860390841309879e+01 -1.989332700526364661e+01
2.427600441723492963e+01 -3.259202033830332113e+01
2.472488973040405114e+01 -2.386679881427515681e+01
2.479338464548652965e+01 -2.240829184809095764e+01
2.480276092581069136e+01 -2.204893097050354811e+01
2.340398791682282820e+01 -4.296796243416406469e+01
2.418113859406060229e+01 -1.882142133360049385e+01
2.416971590938093328e+01 -1.880897529918429711e+01
2.420340379941377051e+01 -1.889039711941024180e+01
2.414013639568639391e+01 -1.875306381252598342e+01
2.361614964681016104e+01 -2.623248600769841943e+01
2.391023244132085424e+01 -1.828439484353852151e+01
2.386534236669985631e+01 -1.819779022253964129e+01
2.348554567873985732e+01 -2.386313512271384241e+01
2.347452523705118210e+01 -2.122249532847145304e+01
2.356473268241821373e+01 -1.760260775147258272e+01
2.355153226934035615e+01 -1.752913667923116492e+01
2.355940648949857064e+01 -1.754719196652346724e+01
2.339964564037671124e+01 -2.236135004494775913e+01
2.341652622054589372e+01 -2.328306936100925384e+01
2.356246592941960216e+01 -2.359124239377928234e+01
2.380319395524937320e+01 -2.323961495767420971e+01
2.426212609055698977e+01 -1.904971344673234057e+01
2.437607996762154627e+01 -2.065178442377500900e+01
2.435250190317954022e+01 -2.493427549478840888e+01
2.444527715572789361e+01 -2.403814141046938246e+01
2.440153897603923383e+01 -2.540897854206184903e+01
2.439663977509218284e+01 -2.541461018774930025e+01
2.393174983328035310e+01 -3.176763980191875092e+01
2.438796666180995842e+01 -1.928873897706814589e+01
2.432732956036407046e+01 -1.916840425383749036e+01
2.388152867042694893e+01 -2.551989816885940954e+01
2.387163809896037137e+01 -2.215364513209839714e+01
2.387096934196721421e+01 -1.946888980298489358e+01
2.390172811699971334e+01 -1.827023749219123516e+01
2.395360255413875095e+01 -1.839096813873654312e+01
2.394767107400119954e+01 -1.839044656269399880e+01
2.392196242396870076e+01 -1.833455009174274863e+01
2.387424327988041028e+01 -1.823167159595781328e+01
2.384510451744008463e+01 -1.816936649082367339e+01
2.380920697283154652e+01 -1.809387783655048310e+01
2.393357762984167891e+01 -1.836494240118816634e+01
2.395779962318584921e+01 -3.814248162335519510e+01
2.498530888789171200e+01 -2.676090702390422393e+01
2.555425182260716355e+01 -2.799234867925963499e+01
2.439130764040828225e+01 -5.356542231103534135e+01
2.436115274556127019e+01 -4.976467220249970325e+01
2.456307430174980766e+01 -5.278441746088503095e+01
2.425500857093593154e+01 -6.064165848645073709e+01
2.424219013894929731e+01 -6.084517220416336158e+01
2.424196339435851044e+01 -6.043982792137714455e+01
2.424253771187273188e+01 -4.500387773875656450e+01
2.491898023961939757e+01 -2.480947438420733420e+01
2.403298525695917931e+01 -4.002943514286818072e+01
2.476867201957715636e+01 -2.013612797306716828e+01
2.481489016302973738e+01 -2.024195808777555783e+01
2.475747697557743976e+01 -2.011080051283666137e+01
2.337017407133852842e+01 -3.948594037976558013e+01
2.385659765511386965e+01 -2.287181267946336405e+01
2.402113469290392800e+01 -1.852201749194530578e+01
2.413501334390805297e+01 -1.877676887678642359e+01
2.412153819555611989e+01 -1.875252016354664164e+01
2.408473543178467224e+01 -1.867530628856150798e+01
2.404254150335737350e+01 -1.858888702745971599e+01
2.334787477105396292e+01 -2.835955512467251793e+01
2.386369184362578366e+01 -1.820945121101675923e+01
2.508498435914196634e+01 -2.131172854360899294e+01
2.410192971128622474e+01 -4.027324590738202659e+01
2.407103743066243950e+01 -5.144887697567548912e+01
2.550066188307826565e+01 -2.601342836711490136e+01
2.561603895447206369e+01 -2.879649497860764740e+01
2.436134360231811868e+01 -6.364463067691535514e+01
2.429965024432210541e+01 -6.216331324323028440e+01
2.579192262474685293e+01 -2.969428496941175766e+01
2.422313057555738069e+01 -5.987246787443312002e+01
2.348590100761651200e+01 -6.725069341575652970e+01
2.339153745059525846e+01 -4.919240527335173141e+01
2.338717256688098445e+01 -4.179131028432048822e+01
2.428096188725918125e+01 -1.908952543117529999e+01
2.444454603931983883e+01 -1.946344021183359274e+01
2.384712115389999809e+01 -2.886462443474073325e+01
2.420291370947090570e+01 -1.894356924001757747e+01
2.418690160549795110e+01 -1.891158451421614473e+01
2.415657254982255964e+01 -1.884198474196512407e+01
2.418323889643744096e+01 -1.890117782693714332e+01
2.413759414067621378e+01 -1.879979273119930028e+01
2.406065983897076777e+01 -1.863781266643747969e+01
2.321957002541337189e+01 -3.026563728285906762e+01
2.367021671887781764e+01 -1.778781110759985040e+01
2.393751687567649000e+01 -1.837647404811371032e+01
2.404346243793388993e+01 -3.503115746687612386e+01
2.404821607064588207e+01 -4.141003893916008138e+01
2.472136197882773345e+01 -3.393248115492282579e+01
2.370917689348169333e+01 -5.655896044587835547e+01
2.368429422985798283e+01 -5.641180590330037603e+01
2.474286895678823939e+01 -4.034164424557587836e+01
2.475689688789248777e+01 -4.737649750934362913e+01
2.428311928345265258e+01 -6.134326645212684781e+01
2.548640768234148979e+01 -3.435576739153209047e+01
2.551628221480943282e+01 -2.756837509969768973e+01
2.352989754399102296e+01 -5.794291573047272692e+01
2.338462918870952123e+01 -4.875564175739592798e+01
2.338102856428205811e+01 -3.846070689677383569e+01
2.417738470764761871e+01 -1.887330118133188250e+01
2.341823510293547628e+01 -3.019660748192803723e+01
2.393621667726378277e+01 -1.836656374850219464e+01
2.370795621310801593e+01 -2.184055825864706080e+01
2.389290428404878597e+01 -1.827485975357244996e+01
2.322164671764962662e+01 -2.943462695624969072e+01
2.319401387362317735e+01 -2.497750984945598418e+01
2.319405593622728290e+01 -2.406389557355240427e+01
2.351652569314570940e+01 -1.745164834113383279e+01
2.363971149224465051e+01 -1.772383818323367421e+01
2.372001191452532254e+01 -1.790254456006258366e+01
2.432655535721692885e+01 -2.834555859501865882e+01
2.434693829790897013e+01 -3.528052135242502629e+01
2.480899210708917124e+01 -3.433548135519266964e+01
2.340405395057903704e+01 -6.379289053681867472e+01
2.509606628129479944e+01 -2.293990487345001128e+01
2.568489721632941070e+01 -2.765156524225952950e+01
2.420595292274479959e+01 -6.433457631569545754e+01
2.410631048125084064e+01 -6.415936405154589295e+01
2.408934724563539831e+01 -6.066501195939035540e+01
2.408990418088216146e+01 -4.495405076865105798e+01
2.408990847331312324e+01 -3.577039640990244607e+01
2.473392859372246377e+01 -2.009689978744193439e+01
2.479803236928987076e+01 -2.024094322583247418e+01
2.384379704845271064e+01 -3.509326674711638105e+01
2.432976142566437616e+01 -1.922825014464216764e+01
2.427814295352330376e+01 -1.911322876453960973e+01
2.424318393184836395e+01 -1.904256906260980742e+01
2.375263500737547062e+01 -2.535814733740772553e+01
2.373739394047174045e+01 -2.376293219588209027e+01
2.393957509077045742e+01 -1.837870685542839055e+01
2.395308969705287083e+01 -1.840809702265809378e+01
2.392084038380889055e+01 -1.833777503303281264e+01
2.390869265544841227e+01 -1.831338114483646606e+01
2.399266076007735649e+01 -1.849610387216927521e+01
2.439905106130714785e+01 -3.264757127903410350e+01
2.440775495847257304e+01 -4.030298431728375164e+01
2.440999847042712645e+01 -4.503376451935704239e+01
2.556793650886248059e+01 -2.716774438834051608e+01
2.571955273501548334e+01 -2.833796142442475130e+01
2.380910925780683840e+01 -7.229496088635002593e+01
2.456414194039924936e+01 -5.054612346488433872e+01
2.403665346021621119e+01 -6.151319204497424664e+01
2.403715810676034081e+01 -6.222365537887289122e+01
2.515181700267122622e+01 -2.188691700580126565e+01
2.329620212073060159e+01 -4.668622516261369526e+01
2.444574935193652010e+01 -1.946472534121036091e+01
2.454955956237802894e+01 -1.969471969332698436e+01
2.464621242707764637e+01 -1.992555759584096364e+01
2.454727608278353301e+01 -1.971077941307741099e+01
2.370403790881057304e+01 -3.135195201565622014e+01
2.408658311096678872e+01 -1.870158250887096685e+01
2.338005600299840125e+01 -2.693493729294394967e+01
2.334016644783819672e+01 -2.251874590886421501e+01
2.365112405955455799e+01 -1.774730725534844566e+01
2.368655500399186309e+01 -1.782539187713053863e+01
2.361882986480136992e+01 -1.767728865698002139e+01
2.366394344368898217e+01 -1.777634868139839242e+01
2.366960140874639151e+01 -1.778746687770635759e+01
2.390653349745610612e+01 -2.047036206578658479e+01
2.391366154139997846e+01 -2.311512223521536669e+01
2.391377269480157963e+01 -2.600365872194212713e+01
2.391307472317385319e+01 -2.938701087523860167e+01
2.442085277143875999e+01 -1.943164480357481949e+01
2.464747178292290997e+01 -1.993142989962393230e+01
2.376864045550015803e+01 -3.795983571717103189e+01
2.374148352401580908e+01 -3.729666018167801411e+01
2.427693004489651685e+01 -2.504463851654104900e+01
2.430397489148128898e+01 -2.521439586859099791e+01
2.356441027493828599e+01 -3.725810255655191838e+01
2.354144957542209227e+01 -3.032028593918070669e+01
2.354134571731851722e+01 -2.541836553271233257e+01
2.379213456487525136e+01 -1.804732205782706345e+01
2.337040755860140706e+01 -2.360343744463187932e+01
2.357916294239482724e+01 -1.758411172966821212e+01
2.353573015562064796e+01 -1.749031944612272227e+01
2.345801483741337279e+01 -1.732257583959679792e+01
2.337889787043860323e+01 -1.715099903259866920e+01
2.330200305578059172e+01 -1.698269355793167179e+01
2.322008424463998466e+01 -1.680308150164759340e+01
2.313740626202348238e+01 -1.662181701367391895e+01
2.307494897461487682e+01 -1.648552892778332435e+01
2.300632429082395092e+01 -1.633616959805801372e+01
2.299977302892358821e+01 -1.632175210656679099e+01
2.303213057415785414e+01 -1.639208128503973683e+01
2.309898558812969682e+01 -1.653486782310724124e+01
2.320648661306301719e+01 -1.677304003276015010e+01
2.336132958582802388e+01 -1.711277339116559659e+01
2.322358931722039088e+01 -2.290098450206889069e+01
2.322097030521943140e+01 -2.586457307650081106e+01
2.379451681339365621e+01 -1.805636305590527968e+01
2.377402595036416955e+01 -2.266201955017025327e+01
2.396428537088623045e+01 -2.082357320968168324e+01
2.405201344245950068e+01 -1.861043149292055787e+01
2.401106059887796818e+01 -1.852804916185538175e+01
2.389316328367084807e+01 -1.827560582522600896e+01
2.375667645633669522e+01 -1.797834166445959170e+01
2.365370816600889725e+01 -1.775234353391212849e+01
2.354037018439603202e+01 -1.750312240604668901e+01
2.345319418468744743e+01 -1.731196971748353519e+01
2.346926260702543132e+01 -1.734930015984308227e+01
2.343975412245316647e+01 -1.728566977340211963e+01
2.314101217282572875e+01 -2.067764147061842905e+01
2.311952124664457742e+01 -1.850806111299990064e+01
2.311907131309842001e+01 -1.841435604392788150e+01
2.311901339680530043e+01 -1.833853967108873206e+01
2.331433376994876738e+01 -1.701348329116180480e+01
2.446480017547560237e+01 -1.954946989059115481e+01
2.481316125732881162e+01 -2.228660174710204345e+01
2.431526885658428228e+01 -3.956625278025904180e+01
2.531669106853203743e+01 -2.521115060813627551e+01
2.543791565136542943e+01 -2.806652375793154519e+01
2.543927828760859455e+01 -3.557934495673779907e+01
2.543912738166392629e+01 -3.909960956958779832e+01
2.543840540246844739e+01 -4.091928107261416159e+01
2.543909583070102087e+01 -4.007802841555013629e+01
2.543902522117936016e+01 -2.601990692824304219e+01
2.416824141877204823e+01 -3.995702794345881870e+01
2.410776960969677063e+01 -3.427718095078875393e+01
2.410497527998438727e+01 -2.728464868699167312e+01
2.410483210682655297e+01 -2.485512350472919962e+01
2.425658353431763814e+01 -1.907978312935297183e+01
2.421282779847454592e+01 -1.898411615327249891e+01
2.411324289000738474e+01 -1.876358129676624742e+01
